100 100
50
2131
0 1 0 #G01 0 20 46 46 201 54 0
0 2 0 #G01 0 41 46 46 201 54 0
0 3 0 #G01 0 61 46 46 201 54 0
0 4 0 #G01 0 82 46 46 201 54 0
0 5 0 #G01 0 102 46 46 201 54 0
0 6 0 #G01 0 123 46 46 201 54 0
0 7 0 #G01 0 144 46 46 201 54 0
0 8 0 #G01 0 164 46 46 201 54 0
0 9 0 #G01 0 185 46 46 201 54 0
0 10 0 #G01 0 205 46 46 201 54 0
0 11 0 #G01 0 226 46 46 201 54 0
0 12 0 #G01 0 247 46 46 201 54 0
0 13 0 #G01 0 267 46 46 201 54 0
0 14 0 #G01 0 288 46 46 201 54 0
0 15 0 #G01 0 308 46 46 201 54 0
0 16 0 #G01 0 329 46 46 201 54 0
0 17 0 #G01 0 350 46 46 201 54 0
0 18 0 #G01 0 370 46 46 201 54 0
0 19 0 #G01 0 391 46 46 201 54 0
0 20 0 #G01 0 411 46 46 201 54 0
0 21 0 #G01 0 432 46 46 201 54 0
0 22 0 #G01 0 453 46 46 201 54 0
0 23 0 #G01 0 473 46 46 201 54 0
0 24 0 #G01 0 494 46 46 201 54 0
0 25 0 #G01 0 514 46 46 201 54 0
0 26 0 #G01 0 535 46 46 201 54 0
0 27 0 #G01 0 556 46 46 201 54 0
0 28 0 #G01 0 576 46 46 201 54 0
0 29 0 #G01 0 597 46 46 201 54 0
0 30 0 #G01 0 617 46 46 201 54 0
0 31 0 #G01 0 638 46 46 201 54 0
0 32 0 #G01 0 659 46 46 201 54 0
0 33 0 #G01 0 679 46 46 201 54 0
0 34 0 #G01 0 700 46 46 201 54 0
0 35 0 #G01 0 720 46 46 201 54 0
0 36 0 #G01 0 741 46 46 201 54 0
0 37 0 #G01 0 762 46 46 201 54 0
1 1 0 #G01 20 20 46 46 201 54 0
1 2 0 #G01 20 41 46 46 201 54 0
1 3 0 #G01 20 61 46 46 201 54 0
1 4 0 #G01 20 82 46 46 201 54 0
1 5 0 #G01 20 102 46 46 201 54 0
1 6 0 #G01 20 123 46 46 201 54 0
1 7 0 #G01 20 144 46 46 201 54 0
1 8 0 #G01 20 164 46 46 201 54 0
1 9 0 #G01 20 185 46 46 201 54 0
1 10 0 #G01 20 205 46 46 201 54 0
1 11 0 #G01 20 226 46 46 201 54 0
1 12 0 #G01 20 247 46 46 201 54 0
1 13 0 #G01 20 267 46 46 201 54 0
1 14 0 #G01 20 288 46 46 201 54 0
1 15 0 #G01 20 308 46 46 201 54 0
1 16 0 #G01 20 329 46 46 201 54 0
1 17 0 #G01 20 350 46 46 201 54 0
1 18 0 #G01 20 370 46 46 201 54 0
1 19 0 #G01 20 391 46 46 201 54 0
1 20 0 #G01 20 411 46 46 201 54 0
1 21 0 #G01 20 432 46 46 201 54 0
1 22 0 #G01 20 453 46 46 201 54 0
1 23 0 #G01 20 473 46 46 201 54 0
1 24 0 #G01 20 494 46 46 201 54 0
1 25 0 #G01 20 514 46 46 201 54 0
1 26 0 #G01 20 535 46 46 201 54 0
1 27 0 #G01 20 556 46 46 201 54 0
1 28 0 #G01 20 576 46 46 201 54 0
1 29 0 #G01 20 597 46 46 201 54 0
1 30 0 #G01 20 617 46 46 201 54 0
1 31 0 #G01 20 638 46 46 201 54 0
1 32 0 #G01 20 659 46 46 201 54 0
1 33 0 #G01 20 679 46 46 201 54 0
1 34 0 #G01 20 700 46 46 201 54 0
1 35 0 #G01 20 720 46 46 201 54 0
1 36 0 #G01 20 741 46 46 201 54 0
1 37 0 #G01 20 762 46 46 201 54 0
2 1 0 #G01 41 20 46 46 201 54 0
2 2 0 #G01 41 41 46 46 201 54 0
2 3 0 #G01 41 61 46 46 201 54 0
2 4 0 #G01 41 82 46 46 201 54 0
2 5 0 #G01 41 102 46 46 201 54 0
2 6 0 #G01 41 123 46 46 201 54 0
2 7 0 #G01 41 144 46 46 201 54 0
2 8 0 #G01 41 164 46 46 201 54 0
2 9 0 #G01 41 185 46 46 201 54 0
2 10 0 #G01 41 205 46 46 201 54 0
2 11 0 #G01 41 226 46 46 201 54 0
2 12 0 #G01 41 247 46 46 201 54 0
2 13 0 #G01 41 267 46 46 201 54 0
2 14 0 #G01 41 288 46 46 201 54 0
2 15 0 #G01 41 308 46 46 201 54 0
2 16 0 #G01 41 329 46 46 201 54 0
2 17 0 #G01 41 350 46 46 201 54 0
2 18 0 #G01 41 370 46 46 201 54 0
2 19 0 #G01 41 391 46 46 201 54 0
2 20 0 #G01 41 411 46 46 201 54 0
2 21 0 #G01 41 432 46 46 201 54 0
2 22 0 #G01 41 453 46 46 201 54 0
2 23 0 #G01 41 473 46 46 201 54 0
2 24 0 #G01 41 494 46 46 201 54 0
2 25 0 #G01 41 514 46 46 201 54 0
2 26 0 #G01 41 535 46 46 201 54 0
2 27 0 #G01 41 556 46 46 201 54 0
2 28 0 #G01 41 576 46 46 201 54 0
2 29 0 #G01 41 597 46 46 201 54 0
2 30 0 #G01 41 617 46 46 201 54 0
2 31 0 #G01 41 638 46 46 201 54 0
2 32 0 #G01 41 659 46 46 201 54 0
2 33 0 #G01 41 679 46 46 201 54 0
2 34 0 #G01 41 700 46 46 201 54 0
2 35 0 #G01 41 720 46 46 201 54 0
2 36 0 #G01 41 741 46 46 201 54 0
2 37 0 #G01 41 762 46 46 201 54 0
3 1 0 #G01 61 20 46 46 201 54 0
3 2 0 #G01 61 41 46 46 201 54 0
3 3 0 #G01 61 61 46 46 201 54 0
3 4 0 #G01 61 82 46 46 201 54 0
3 5 0 #G01 61 102 46 46 201 54 0
3 6 0 #G01 61 123 46 46 201 54 0
3 7 0 #G01 61 144 46 46 201 54 0
3 8 0 #G01 61 164 46 46 201 54 0
3 9 0 #G01 61 185 46 46 201 54 0
3 10 0 #G01 61 205 46 46 201 54 0
3 11 0 #G01 61 226 46 46 201 54 0
3 12 0 #G01 61 247 46 46 201 54 0
3 13 0 #G01 61 267 46 46 201 54 0
3 14 0 #G01 61 288 46 46 201 54 0
3 15 0 #G01 61 308 46 46 201 54 0
3 16 0 #G01 61 329 46 46 201 54 0
3 17 0 #G01 61 350 46 46 201 54 0
3 18 0 #G01 61 370 46 46 201 54 0
3 19 0 #G01 61 391 46 46 201 54 0
3 20 0 #G01 61 411 46 46 201 54 0
3 21 0 #G01 61 432 46 46 201 54 0
3 22 0 #G01 61 453 46 46 201 54 0
3 23 0 #G01 61 473 46 46 201 54 0
3 24 0 #G01 61 494 46 46 201 54 0
3 25 0 #G01 61 514 46 46 201 54 0
3 26 0 #G01 61 535 46 46 201 54 0
3 27 0 #G01 61 556 46 46 201 54 0
3 28 0 #G01 61 576 46 46 201 54 0
3 29 0 #G01 61 597 46 46 201 54 0
3 30 0 #G01 61 617 46 46 201 54 0
3 31 0 #G01 61 638 46 46 201 54 0
3 32 0 #G01 61 659 46 46 201 54 0
3 33 0 #G01 61 679 46 46 201 54 0
3 34 0 #G01 61 700 46 46 201 54 0
3 35 0 #G01 61 720 46 46 201 54 0
3 36 0 #G01 61 741 46 46 201 54 0
3 37 0 #G01 61 762 46 46 201 54 0
4 1 0 #G01 82 20 46 46 201 54 0
4 2 0 #G01 82 41 46 46 201 54 0
4 3 0 #G01 82 61 46 46 201 54 0
4 4 0 #G01 82 82 46 46 201 54 0
4 5 0 #G01 82 102 46 46 201 54 0
4 6 0 #G01 82 123 46 46 201 54 0
4 7 0 #G01 82 144 46 46 201 54 0
4 8 0 #G01 82 164 46 46 201 54 0
4 9 0 #G01 82 185 46 46 201 54 0
4 10 0 #G01 82 205 46 46 201 54 0
4 11 0 #G01 82 226 46 46 201 54 0
4 12 0 #G01 82 247 46 46 201 54 0
4 13 0 #G01 82 267 46 46 201 54 0
4 14 0 #G01 82 288 46 46 201 54 0
4 15 0 #G01 82 308 46 46 201 54 0
4 16 0 #G01 82 329 46 46 201 54 0
4 17 0 #G01 82 350 46 46 201 54 0
4 18 0 #G01 82 370 46 46 201 54 0
4 19 0 #G01 82 391 46 46 201 54 0
4 20 0 #G01 82 411 46 46 201 54 0
4 21 0 #G01 82 432 46 46 201 54 0
4 22 0 #G01 82 453 46 46 201 54 0
4 23 0 #G01 82 473 46 46 201 54 0
4 24 0 #G01 82 494 46 46 201 54 0
4 25 0 #G01 82 514 46 46 201 54 0
4 26 0 #G01 82 535 46 46 201 54 0
4 27 0 #G01 82 556 46 46 201 54 0
4 28 0 #G01 82 576 46 46 201 54 0
4 29 0 #G01 82 597 46 46 201 54 0
4 30 0 #G01 82 617 46 46 201 54 0
4 31 0 #G01 82 638 46 46 201 54 0
4 32 0 #G01 82 659 46 46 201 54 0
4 33 0 #G01 82 679 46 46 201 54 0
4 34 0 #G01 82 700 46 46 201 54 0
4 35 0 #G01 82 720 46 46 201 54 0
4 36 0 #G01 82 741 46 46 201 54 0
4 37 0 #G01 82 762 46 46 201 54 0
5 1 0 #G01 102 20 46 46 201 54 0
5 2 0 #G01 102 41 46 46 201 54 0
5 3 0 #G01 102 61 46 46 201 54 0
5 4 0 #G01 102 82 46 46 201 54 0
5 5 0 #G01 102 102 46 46 201 54 0
5 6 0 #G01 102 123 46 46 201 54 0
5 7 0 #G01 102 144 46 46 201 54 0
5 8 0 #G01 102 164 46 46 201 54 0
5 9 0 #G01 102 185 46 46 201 54 0
5 10 0 #G01 102 205 46 46 201 54 0
5 11 0 #G01 102 226 46 46 201 54 0
5 12 0 #G01 102 247 46 46 201 54 0
5 13 0 #G01 102 267 46 46 201 54 0
5 14 0 #G01 102 288 46 46 201 54 0
5 15 0 #G01 102 308 46 46 201 54 0
5 16 0 #G01 102 329 46 46 201 54 0
5 17 0 #G01 102 350 46 46 201 54 0
5 18 0 #G01 102 370 46 46 201 54 0
5 19 0 #G01 102 391 46 46 201 54 0
5 20 0 #G01 102 411 46 46 201 54 0
5 21 0 #G01 102 432 46 46 201 54 0
5 22 0 #G01 102 453 46 46 201 54 0
5 23 0 #G01 102 473 46 46 201 54 0
5 24 0 #G01 102 494 46 46 201 54 0
5 25 0 #G01 102 514 46 46 201 54 0
5 26 0 #G01 102 535 46 46 201 54 0
5 27 0 #G01 102 556 46 46 201 54 0
5 28 0 #G01 102 576 46 46 201 54 0
5 29 0 #G01 102 597 46 46 201 54 0
5 30 0 #G01 102 617 46 46 201 54 0
5 31 0 #G01 102 638 46 46 201 54 0
5 32 0 #G01 102 659 46 46 201 54 0
5 33 0 #G01 102 679 46 46 201 54 0
5 34 0 #G01 102 700 46 46 201 54 0
5 35 0 #G01 102 720 46 46 201 54 0
5 36 0 #G01 102 741 46 46 201 54 0
5 37 0 #G01 102 762 46 46 201 54 0
6 1 0 #G01 123 20 46 46 201 54 0
6 2 0 #G01 123 41 46 46 201 54 0
6 3 0 #G01 123 61 46 46 201 54 0
6 4 0 #G01 123 82 46 46 201 54 0
6 5 0 #G01 123 102 46 46 201 54 0
6 6 0 #G01 123 123 46 46 201 54 0
6 7 0 #G01 123 144 46 46 201 54 0
6 8 0 #G01 123 164 46 46 201 54 0
6 9 0 #G01 123 185 46 46 201 54 0
6 10 0 #G01 123 205 46 46 201 54 0
6 11 0 #G01 123 226 46 46 201 54 0
6 12 0 #G01 123 247 46 46 201 54 0
6 13 0 #G01 123 267 46 46 201 54 0
6 14 0 #G01 123 288 46 46 201 54 0
6 15 0 #G01 123 308 46 46 201 54 0
6 16 0 #G01 123 329 46 46 201 54 0
6 17 0 #G01 123 350 46 46 201 54 0
6 18 0 #G01 123 370 46 46 201 54 0
6 19 0 #G01 123 391 46 46 201 54 0
6 20 0 #G01 123 411 46 46 201 54 0
6 21 0 #G01 123 432 46 46 201 54 0
6 22 0 #G01 123 453 46 46 201 54 0
6 23 0 #G01 123 473 46 46 201 54 0
6 24 0 #G01 123 494 46 46 201 54 0
6 25 0 #G01 123 514 46 46 201 54 0
6 26 0 #G01 123 535 46 46 201 54 0
6 27 0 #G01 123 556 46 46 201 54 0
6 28 0 #G01 123 576 46 46 201 54 0
6 29 0 #G01 123 597 46 46 201 54 0
6 30 0 #G01 123 617 46 46 201 54 0
6 31 0 #G01 123 638 46 46 201 54 0
6 32 0 #G01 123 659 46 46 201 54 0
6 33 0 #G01 123 679 46 46 201 54 0
6 34 0 #G01 123 700 46 46 201 54 0
6 35 0 #G01 123 720 46 46 201 54 0
6 36 0 #G01 123 741 46 46 201 54 0
6 37 0 #G01 123 762 46 46 201 54 0
7 1 0 #G01 144 20 46 46 201 54 0
7 2 0 #G01 144 41 46 46 201 54 0
7 3 0 #G01 144 61 46 46 201 54 0
7 4 0 #G01 144 82 46 46 201 54 0
7 5 0 #G01 144 102 46 46 201 54 0
7 6 0 #G01 144 123 46 46 201 54 0
7 7 0 #G01 144 144 46 46 201 54 0
7 8 0 #G01 144 164 46 46 201 54 0
7 9 0 #G01 144 185 46 46 201 54 0
7 10 0 #G01 144 205 46 46 201 54 0
7 11 0 #G01 144 226 46 46 201 54 0
7 12 0 #G01 144 247 46 46 201 54 0
7 13 0 #G01 144 267 46 46 201 54 0
7 14 0 #G01 144 288 46 46 201 54 0
7 15 0 #G01 144 308 46 46 201 54 0
7 16 0 #G01 144 329 46 46 201 54 0
7 17 0 #G01 144 350 46 46 201 54 0
7 18 0 #G01 144 370 46 46 201 54 0
7 19 0 #G01 144 391 46 46 201 54 0
7 20 0 #G01 144 411 46 46 201 54 0
7 21 0 #G01 144 432 46 46 201 54 0
7 22 0 #G01 144 453 46 46 201 54 0
7 23 0 #G01 144 473 46 46 201 54 0
7 24 0 #G01 144 494 46 46 201 54 0
7 25 0 #G01 144 514 46 46 201 54 0
7 26 0 #G01 144 535 46 46 201 54 0
7 27 0 #G01 144 556 46 46 201 54 0
7 28 0 #G01 144 576 46 46 201 54 0
7 29 0 #G01 144 597 46 46 201 54 0
7 30 0 #G01 144 617 46 46 201 54 0
7 31 0 #G01 144 638 46 46 201 54 0
7 32 0 #G01 144 659 46 46 201 54 0
7 33 0 #G01 144 679 46 46 201 54 0
7 34 0 #G01 144 700 46 46 201 54 0
7 35 0 #G01 144 720 46 46 201 54 0
7 36 0 #G01 144 741 46 46 201 54 0
7 37 0 #G01 144 762 46 46 201 54 0
8 1 0 #G01 164 20 46 46 201 54 0
8 2 0 #G01 164 41 46 46 201 54 0
8 3 0 #G01 164 61 46 46 201 54 0
8 4 0 #G01 164 82 46 46 201 54 0
8 5 0 #G01 164 102 46 46 201 54 0
8 6 0 #G01 164 123 46 46 201 54 0
8 7 0 #G01 164 144 46 46 201 54 0
8 8 0 #G01 164 164 46 46 201 54 0
8 9 0 #G01 164 185 46 46 201 54 0
8 10 0 #G01 164 205 46 46 201 54 0
8 11 0 #G01 164 226 46 46 201 54 0
8 12 0 #G01 164 247 46 46 201 54 0
8 13 0 #G01 164 267 46 46 201 54 0
8 14 0 #G01 164 288 46 46 201 54 0
8 15 0 #G01 164 308 46 46 201 54 0
8 16 0 #G01 164 329 46 46 201 54 0
8 17 0 #G01 164 350 46 46 201 54 0
8 18 0 #G01 164 370 46 46 201 54 0
8 19 0 #G01 164 391 46 46 201 54 0
8 20 0 #G01 164 411 46 46 201 54 0
8 21 0 #G01 164 432 46 46 201 54 0
8 22 0 #G01 164 453 46 46 201 54 0
8 23 0 #G01 164 473 46 46 201 54 0
8 24 0 #G01 164 494 46 46 201 54 0
8 25 0 #G01 164 514 46 46 201 54 0
8 26 0 #G01 164 535 46 46 201 54 0
8 27 0 #G01 164 556 46 46 201 54 0
8 28 0 #G01 164 576 46 46 201 54 0
8 29 0 #G01 164 597 46 46 201 54 0
8 30 0 #G01 164 617 46 46 201 54 0
8 31 0 #G01 164 638 46 46 201 54 0
8 32 0 #G01 164 659 46 46 201 54 0
8 33 0 #G01 164 679 46 46 201 54 0
8 34 0 #G01 164 700 46 46 201 54 0
8 35 0 #G01 164 720 46 46 201 54 0
8 36 0 #G01 164 741 46 46 201 54 0
8 37 0 #G01 164 762 46 46 201 54 0
9 1 0 #G01 185 20 46 46 201 54 0
9 2 0 #G01 185 41 46 46 201 54 0
9 3 0 #G01 185 61 46 46 201 54 0
9 4 0 #G01 185 82 46 46 201 54 0
9 4 1 #G01 185 82 46 46 201 54 0
9 5 0 #G01 185 102 46 46 201 54 0
9 6 0 #G01 185 123 46 46 201 54 0
9 7 0 #G01 185 144 46 46 201 54 0
9 8 0 #G01 185 164 46 46 201 54 0
9 9 0 #G01 185 185 46 46 201 54 0
9 10 0 #G01 185 205 46 46 201 54 0
9 11 0 #G01 185 226 46 46 201 54 0
9 12 0 #G01 185 247 46 46 201 54 0
9 13 0 #G01 185 267 46 46 201 54 0
9 14 0 #G01 185 288 46 46 201 54 0
9 15 0 #G01 185 308 46 46 201 54 0
9 16 0 #G01 185 329 46 46 201 54 0
9 17 0 #G01 185 350 46 46 201 54 0
9 17 1 #G01 185 350 46 46 201 54 0
9 18 0 #G01 185 370 46 46 201 54 0
9 19 0 #G01 185 391 46 46 201 54 0
9 20 0 #G01 185 411 46 46 201 54 0
9 21 0 #G01 185 432 46 46 201 54 0
9 22 0 #G01 185 453 46 46 201 54 0
9 23 0 #G01 185 473 46 46 201 54 0
9 24 0 #G01 185 494 46 46 201 54 0
9 25 0 #G01 185 514 46 46 201 54 0
9 26 0 #G01 185 535 46 46 201 54 0
9 27 0 #G01 185 556 46 46 201 54 0
9 28 0 #G01 185 576 46 46 201 54 0
9 29 0 #G01 185 597 46 46 201 54 0
9 30 0 #G01 185 617 46 46 201 54 0
9 31 0 #G01 185 638 46 46 201 54 0
9 32 0 #G01 185 659 46 46 201 54 0
9 33 0 #G01 185 679 46 46 201 54 0
9 34 0 #G01 185 700 46 46 201 54 0
9 35 0 #G01 185 720 46 46 201 54 0
9 36 0 #G01 185 741 46 46 201 54 0
9 37 0 #G01 185 762 46 46 201 54 0
10 1 0 #G01 205 20 46 46 201 54 0
10 2 0 #G01 205 41 46 46 201 54 0
10 3 0 #G01 205 61 46 46 201 54 0
10 4 0 #G01 205 82 46 46 201 54 0
10 5 0 #G01 205 102 46 46 201 54 0
10 6 0 #G01 205 123 46 46 201 54 0
10 7 0 #G01 205 144 46 46 201 54 0
10 8 0 #G01 205 164 46 46 201 54 0
10 9 0 #G01 205 185 46 46 201 54 0
10 10 0 #G01 205 205 46 46 201 54 0
10 11 0 #G01 205 226 46 46 201 54 0
10 12 0 #G01 205 247 46 46 201 54 0
10 13 0 #G01 205 267 46 46 201 54 0
10 14 0 #G01 205 288 46 46 201 54 0
10 15 0 #G01 205 308 46 46 201 54 0
10 16 0 #G01 205 329 46 46 201 54 0
10 17 0 #G01 205 350 46 46 201 54 0
10 18 0 #G01 205 370 46 46 201 54 0
10 19 0 #G01 205 391 46 46 201 54 0
10 20 0 #G01 205 411 46 46 201 54 0
10 21 0 #G01 205 432 46 46 201 54 0
10 22 0 #G01 205 453 46 46 201 54 0
10 23 0 #G01 205 473 46 46 201 54 0
10 24 0 #G01 205 494 46 46 201 54 0
10 25 0 #G01 205 514 46 46 201 54 0
10 26 0 #G01 205 535 46 46 201 54 0
10 27 0 #G01 205 556 46 46 201 54 0
10 28 0 #G01 205 576 46 46 201 54 0
10 29 0 #G01 205 597 46 46 201 54 0
10 30 0 #G01 205 617 46 46 201 54 0
10 31 0 #G01 205 638 46 46 201 54 0
10 32 0 #G01 205 659 46 46 201 54 0
10 33 0 #G01 205 679 46 46 201 54 0
10 34 0 #G01 205 700 46 46 201 54 0
10 35 0 #G01 205 720 46 46 201 54 0
10 36 0 #G01 205 741 46 46 201 54 0
10 37 0 #G01 205 762 46 46 201 54 0
11 1 0 #G01 226 20 46 46 201 54 0
11 2 0 #G01 226 41 46 46 201 54 0
11 3 0 #G01 226 61 46 46 201 54 0
11 4 0 #G01 226 82 46 46 201 54 0
11 5 0 #G01 226 102 46 46 201 54 0
11 6 0 #G01 226 123 46 46 201 54 0
11 7 0 #G01 226 144 46 46 201 54 0
11 8 0 #G01 226 164 46 46 201 54 0
11 9 0 #G01 226 185 46 46 201 54 0
11 10 0 #G01 226 205 46 46 201 54 0
11 11 0 #G01 226 226 46 46 201 54 0
11 12 0 #G01 226 247 46 46 201 54 0
11 13 0 #G01 226 267 46 46 201 54 0
11 14 0 #G01 226 288 46 46 201 54 0
11 15 0 #G01 226 308 46 46 201 54 0
11 16 0 #G01 226 329 46 46 201 54 0
11 17 0 #G01 226 350 46 46 201 54 0
11 18 0 #G01 226 370 46 46 201 54 0
11 19 0 #G01 226 391 46 46 201 54 0
11 20 0 #G01 226 411 46 46 201 54 0
11 21 0 #G01 226 432 46 46 201 54 0
11 22 0 #G01 226 453 46 46 201 54 0
11 23 0 #G01 226 473 46 46 201 54 0
11 24 0 #G01 226 494 46 46 201 54 0
11 25 0 #G01 226 514 46 46 201 54 0
11 26 0 #G01 226 535 46 46 201 54 0
11 27 0 #G01 226 556 46 46 201 54 0
11 28 0 #G01 226 576 46 46 201 54 0
11 29 0 #G01 226 597 46 46 201 54 0
11 30 0 #G01 226 617 46 46 201 54 0
11 31 0 #G01 226 638 46 46 201 54 0
11 32 0 #G01 226 659 46 46 201 54 0
11 33 0 #G01 226 679 46 46 201 54 0
11 34 0 #G01 226 700 46 46 201 54 0
11 35 0 #G01 226 720 46 46 201 54 0
11 36 0 #G01 226 741 46 46 201 54 0
11 37 0 #G01 226 762 46 46 201 54 0
12 1 0 #G01 247 20 46 46 201 54 0
12 2 0 #G01 247 41 46 46 201 54 0
12 3 0 #G01 247 61 46 46 201 54 0
12 4 0 #G01 247 82 46 46 201 54 0
12 5 0 #G01 247 102 46 46 201 54 0
12 6 0 #G01 247 123 46 46 201 54 0
12 7 0 #G01 247 144 46 46 201 54 0
12 8 0 #G01 247 164 46 46 201 54 0
12 9 0 #G01 247 185 46 46 201 54 0
12 10 0 #G01 247 205 46 46 201 54 0
12 11 0 #G01 247 226 46 46 201 54 0
12 12 0 #G01 247 247 46 46 201 54 0
12 13 0 #G01 247 267 46 46 201 54 0
12 14 0 #G01 247 288 46 46 201 54 0
12 15 0 #G01 247 308 46 46 201 54 0
12 16 0 #G01 247 329 46 46 201 54 0
12 17 0 #G01 247 350 46 46 201 54 0
12 18 0 #G01 247 370 46 46 201 54 0
12 19 0 #G01 247 391 46 46 201 54 0
12 20 0 #G01 247 411 46 46 201 54 0
12 21 0 #G01 247 432 46 46 201 54 0
12 22 0 #G01 247 453 46 46 201 54 0
12 23 0 #G01 247 473 46 46 201 54 0
12 24 0 #G01 247 494 46 46 201 54 0
12 25 0 #G01 247 514 46 46 201 54 0
12 26 0 #G01 247 535 46 46 201 54 0
12 27 0 #G01 247 556 46 46 201 54 0
12 28 0 #G01 247 576 46 46 201 54 0
12 29 0 #G01 247 597 46 46 201 54 0
12 30 0 #G01 247 617 46 46 201 54 0
12 31 0 #G01 247 638 46 46 201 54 0
12 32 0 #G01 247 659 46 46 201 54 0
12 33 0 #G01 247 679 46 46 201 54 0
12 34 0 #G01 247 700 46 46 201 54 0
12 35 0 #G01 247 720 46 46 201 54 0
12 36 0 #G01 247 741 46 46 201 54 0
12 37 0 #G01 247 762 46 46 201 54 0
13 1 0 #G01 267 20 46 46 201 54 0
13 2 0 #G01 267 41 46 46 201 54 0
13 3 0 #G01 267 61 46 46 201 54 0
13 4 0 #G01 267 82 46 46 201 54 0
13 5 0 #G01 267 102 46 46 201 54 0
13 6 0 #G01 267 123 46 46 201 54 0
13 7 0 #G01 267 144 46 46 201 54 0
13 8 0 #G01 267 164 46 46 201 54 0
13 9 0 #G01 267 185 46 46 201 54 0
13 10 0 #G01 267 205 46 46 201 54 0
13 11 0 #G01 267 226 46 46 201 54 0
13 12 0 #G01 267 247 46 46 201 54 0
13 13 0 #G01 267 267 46 46 201 54 0
13 14 0 #G01 267 288 46 46 201 54 0
13 15 0 #G01 267 308 46 46 201 54 0
13 16 0 #G01 267 329 46 46 201 54 0
13 17 0 #G01 267 350 46 46 201 54 0
13 18 0 #G01 267 370 46 46 201 54 0
13 19 0 #G01 267 391 46 46 201 54 0
13 20 0 #G01 267 411 46 46 201 54 0
13 21 0 #G01 267 432 46 46 201 54 0
13 22 0 #G01 267 453 46 46 201 54 0
13 23 0 #G01 267 473 46 46 201 54 0
13 24 0 #G01 267 494 46 46 201 54 0
13 25 0 #G01 267 514 46 46 201 54 0
13 26 0 #G01 267 535 46 46 201 54 0
13 27 0 #G01 267 556 46 46 201 54 0
13 28 0 #G01 267 576 46 46 201 54 0
13 29 0 #G01 267 597 46 46 201 54 0
13 30 0 #G01 267 617 46 46 201 54 0
13 31 0 #G01 267 638 46 46 201 54 0
13 32 0 #G01 267 659 46 46 201 54 0
13 33 0 #G01 267 679 46 46 201 54 0
13 34 0 #G01 267 700 46 46 201 54 0
13 35 0 #G01 267 720 46 46 201 54 0
13 36 0 #G01 267 741 46 46 201 54 0
13 37 0 #G01 267 762 46 46 201 54 0
14 1 0 #G01 288 20 46 46 201 54 0
14 2 0 #G01 288 41 46 46 201 54 0
14 3 0 #G01 288 61 46 46 201 54 0
14 4 0 #G01 288 82 46 46 201 54 0
14 5 0 #G01 288 102 46 46 201 54 0
14 6 0 #G01 288 123 46 46 201 54 0
14 7 0 #G01 288 144 46 46 201 54 0
14 8 0 #G01 288 164 46 46 201 54 0
14 9 0 #G01 288 185 46 46 201 54 0
14 10 0 #G01 288 205 46 46 201 54 0
14 11 0 #G01 288 226 46 46 201 54 0
14 12 0 #G01 288 247 46 46 201 54 0
14 13 0 #G01 288 267 46 46 201 54 0
14 14 0 #G01 288 288 46 46 201 54 0
14 15 0 #G01 288 308 46 46 201 54 0
14 16 0 #G01 288 329 46 46 201 54 0
14 17 0 #G01 288 350 46 46 201 54 0
14 18 0 #G01 288 370 46 46 201 54 0
14 19 0 #G01 288 391 46 46 201 54 0
14 20 0 #G01 288 411 46 46 201 54 0
14 21 0 #G01 288 432 46 46 201 54 0
14 22 0 #G01 288 453 46 46 201 54 0
14 23 0 #G01 288 473 46 46 201 54 0
14 24 0 #G01 288 494 46 46 201 54 0
14 25 0 #G01 288 514 46 46 201 54 0
14 26 0 #G01 288 535 46 46 201 54 0
14 27 0 #G01 288 556 46 46 201 54 0
14 28 0 #G01 288 576 46 46 201 54 0
14 29 0 #G01 288 597 46 46 201 54 0
14 30 0 #G01 288 617 46 46 201 54 0
14 31 0 #G01 288 638 46 46 201 54 0
14 32 0 #G01 288 659 46 46 201 54 0
14 33 0 #G01 288 679 46 46 201 54 0
14 34 0 #G01 288 700 46 46 201 54 0
14 35 0 #G01 288 720 46 46 201 54 0
14 36 0 #G01 288 741 46 46 201 54 0
14 37 0 #G01 288 762 46 46 201 54 0
15 1 0 #G01 308 20 46 46 201 54 0
15 2 0 #G01 308 41 46 46 201 54 0
15 3 0 #G01 308 61 46 46 201 54 0
15 4 0 #G01 308 82 46 46 201 54 0
15 5 0 #G01 308 102 46 46 201 54 0
15 6 0 #G01 308 123 46 46 201 54 0
15 7 0 #G01 308 144 46 46 201 54 0
15 8 0 #G01 308 164 46 46 201 54 0
15 9 0 #G01 308 185 46 46 201 54 0
15 10 0 #G01 308 205 46 46 201 54 0
15 11 0 #G01 308 226 46 46 201 54 0
15 12 0 #G01 308 247 46 46 201 54 0
15 13 0 #G01 308 267 46 46 201 54 0
15 14 0 #G01 308 288 46 46 201 54 0
15 15 0 #G01 308 308 46 46 201 54 0
15 16 0 #G01 308 329 46 46 201 54 0
15 17 0 #G01 308 350 46 46 201 54 0
15 18 0 #G01 308 370 46 46 201 54 0
15 19 0 #G01 308 391 46 46 201 54 0
15 20 0 #G01 308 411 46 46 201 54 0
15 21 0 #G01 308 432 46 46 201 54 0
15 22 0 #G01 308 453 46 46 201 54 0
15 23 0 #G01 308 473 46 46 201 54 0
15 24 0 #G01 308 494 46 46 201 54 0
15 25 0 #G01 308 514 46 46 201 54 0
15 26 0 #G01 308 535 46 46 201 54 0
15 27 0 #G01 308 556 46 46 201 54 0
15 28 0 #G01 308 576 46 46 201 54 0
15 29 0 #G01 308 597 46 46 201 54 0
15 30 0 #G01 308 617 46 46 201 54 0
15 31 0 #G01 308 638 46 46 201 54 0
15 32 0 #G01 308 659 46 46 201 54 0
15 33 0 #G01 308 679 46 46 201 54 0
15 34 0 #G01 308 700 46 46 201 54 0
15 35 0 #G01 308 720 46 46 201 54 0
15 36 0 #G01 308 741 46 46 201 54 0
15 37 0 #G01 308 762 46 46 201 54 0
16 1 0 #G01 329 20 46 46 201 54 0
16 2 0 #G01 329 41 46 46 201 54 0
16 3 0 #G01 329 61 46 46 201 54 0
16 4 0 #G01 329 82 46 46 201 54 0
16 5 0 #G01 329 102 46 46 201 54 0
16 6 0 #G01 329 123 46 46 201 54 0
16 7 0 #G01 329 144 46 46 201 54 0
16 8 0 #G01 329 164 46 46 201 54 0
16 9 0 #G01 329 185 46 46 201 54 0
16 10 0 #G01 329 205 46 46 201 54 0
16 11 0 #G01 329 226 46 46 201 54 0
16 12 0 #G01 329 247 46 46 201 54 0
16 13 0 #G01 329 267 46 46 201 54 0
16 14 0 #G01 329 288 46 46 201 54 0
16 15 0 #G01 329 308 46 46 201 54 0
16 16 0 #G01 329 329 46 46 201 54 0
16 17 0 #G01 329 350 46 46 201 54 0
16 18 0 #G01 329 370 46 46 201 54 0
16 19 0 #G01 329 391 46 46 201 54 0
16 20 0 #G01 329 411 46 46 201 54 0
16 21 0 #G01 329 432 46 46 201 54 0
16 22 0 #G01 329 453 46 46 201 54 0
16 23 0 #G01 329 473 46 46 201 54 0
16 24 0 #G01 329 494 46 46 201 54 0
16 25 0 #G01 329 514 46 46 201 54 0
16 26 0 #G01 329 535 46 46 201 54 0
16 27 0 #G01 329 556 46 46 201 54 0
16 28 0 #G01 329 576 46 46 201 54 0
16 29 0 #G01 329 597 46 46 201 54 0
16 30 0 #G01 329 617 46 46 201 54 0
16 31 0 #G01 329 638 46 46 201 54 0
16 32 0 #G01 329 659 46 46 201 54 0
16 33 0 #G01 329 679 46 46 201 54 0
16 34 0 #G01 329 700 46 46 201 54 0
16 35 0 #G01 329 720 46 46 201 54 0
16 36 0 #G01 329 741 46 46 201 54 0
16 37 0 #G01 329 762 46 46 201 54 0
17 1 0 #G01 350 20 46 46 201 54 0
17 2 0 #G01 350 41 46 46 201 54 0
17 3 0 #G01 350 61 46 46 201 54 0
17 4 0 #G01 350 82 46 46 201 54 0
17 5 0 #G01 350 102 46 46 201 54 0
17 6 0 #G01 350 123 46 46 201 54 0
17 7 0 #G01 350 144 46 46 201 54 0
17 8 0 #G01 350 164 46 46 201 54 0
17 9 0 #G01 350 185 46 46 201 54 0
17 10 0 #G01 350 205 46 46 201 54 0
17 11 0 #G01 350 226 46 46 201 54 0
17 12 0 #G01 350 247 46 46 201 54 0
17 13 0 #G01 350 267 46 46 201 54 0
17 14 0 #G01 350 288 46 46 201 54 0
17 15 0 #G01 350 308 46 46 201 54 0
17 16 0 #G01 350 329 46 46 201 54 0
17 17 0 #G01 350 350 46 46 201 54 0
17 18 0 #G01 350 370 46 46 201 54 0
17 19 0 #G01 350 391 46 46 201 54 0
17 20 0 #G01 350 411 46 46 201 54 0
17 21 0 #G01 350 432 46 46 201 54 0
17 22 0 #G01 350 453 46 46 201 54 0
17 23 0 #G01 350 473 46 46 201 54 0
17 24 0 #G01 350 494 46 46 201 54 0
17 25 0 #G01 350 514 46 46 201 54 0
17 26 0 #G01 350 535 46 46 201 54 0
17 27 0 #G01 350 556 46 46 201 54 0
17 28 0 #G01 350 576 46 46 201 54 0
17 29 0 #G01 350 597 46 46 201 54 0
17 30 0 #G01 350 617 46 46 201 54 0
17 31 0 #G01 350 638 46 46 201 54 0
17 32 0 #G01 350 659 46 46 201 54 0
17 33 0 #G01 350 679 46 46 201 54 0
17 34 0 #G01 350 700 46 46 201 54 0
17 35 0 #G01 350 720 46 46 201 54 0
17 36 0 #G01 350 741 46 46 201 54 0
17 37 0 #G01 350 762 46 46 201 54 0
18 1 0 #G01 370 20 46 46 201 54 0
18 2 0 #G01 370 41 46 46 201 54 0
18 3 0 #G01 370 61 46 46 201 54 0
18 4 0 #G01 370 82 46 46 201 54 0
18 5 0 #G01 370 102 46 46 201 54 0
18 6 0 #G01 370 123 46 46 201 54 0
18 7 0 #G01 370 144 46 46 201 54 0
18 8 0 #G01 370 164 46 46 201 54 0
18 9 0 #G01 370 185 46 46 201 54 0
18 10 0 #G01 370 205 46 46 201 54 0
18 11 0 #G01 370 226 46 46 201 54 0
18 12 0 #G01 370 247 46 46 201 54 0
18 13 0 #G01 370 267 46 46 201 54 0
18 14 0 #G01 370 288 46 46 201 54 0
18 15 0 #G01 370 308 46 46 201 54 0
18 16 0 #G01 370 329 46 46 201 54 0
18 17 0 #G01 370 350 46 46 201 54 0
18 18 0 #G01 370 370 46 46 201 54 0
18 19 0 #G01 370 391 46 46 201 54 0
18 20 0 #G01 370 411 46 46 201 54 0
18 21 0 #G01 370 432 46 46 201 54 0
18 22 0 #G01 370 453 46 46 201 54 0
18 23 0 #G01 370 473 46 46 201 54 0
18 24 0 #G01 370 494 46 46 201 54 0
18 25 0 #G01 370 514 46 46 201 54 0
18 26 0 #G01 370 535 46 46 201 54 0
18 27 0 #G01 370 556 46 46 201 54 0
18 28 0 #G01 370 576 46 46 201 54 0
18 29 0 #G01 370 597 46 46 201 54 0
18 30 0 #G01 370 617 46 46 201 54 0
18 31 0 #G01 370 638 46 46 201 54 0
18 32 0 #G01 370 659 46 46 201 54 0
18 33 0 #G01 370 679 46 46 201 54 0
18 34 0 #G01 370 700 46 46 201 54 0
18 35 0 #G01 370 720 46 46 201 54 0
18 36 0 #G01 370 741 46 46 201 54 0
18 37 0 #G01 370 762 46 46 201 54 0
19 1 0 #G01 391 20 46 46 201 54 0
19 2 0 #G01 391 41 46 46 201 54 0
19 3 0 #G01 391 61 46 46 201 54 0
19 4 0 #G01 391 82 46 46 201 54 0
19 5 0 #G01 391 102 46 46 201 54 0
19 6 0 #G01 391 123 46 46 201 54 0
19 7 0 #G01 391 144 46 46 201 54 0
19 8 0 #G01 391 164 46 46 201 54 0
19 9 0 #G01 391 185 46 46 201 54 0
19 10 0 #G01 391 205 46 46 201 54 0
19 11 0 #G01 391 226 46 46 201 54 0
19 12 0 #G01 391 247 46 46 201 54 0
19 13 0 #G01 391 267 46 46 201 54 0
19 14 0 #G01 391 288 46 46 201 54 0
19 15 0 #G01 391 308 46 46 201 54 0
19 16 0 #G01 391 329 46 46 201 54 0
19 17 0 #G01 391 350 46 46 201 54 0
19 17 1 #G01 391 350 46 46 201 54 0
19 18 0 #G01 391 370 46 46 201 54 0
19 19 0 #G01 391 391 46 46 201 54 0
19 20 0 #G01 391 411 46 46 201 54 0
19 21 0 #G01 391 432 46 46 201 54 0
19 22 0 #G01 391 453 46 46 201 54 0
19 23 0 #G01 391 473 46 46 201 54 0
19 24 0 #G01 391 494 46 46 201 54 0
19 25 0 #G01 391 514 46 46 201 54 0
19 26 0 #G01 391 535 46 46 201 54 0
19 27 0 #G01 391 556 46 46 201 54 0
19 28 0 #G01 391 576 46 46 201 54 0
19 29 0 #G01 391 597 46 46 201 54 0
19 30 0 #G01 391 617 46 46 201 54 0
19 31 0 #G01 391 638 46 46 201 54 0
19 32 0 #G01 391 659 46 46 201 54 0
19 33 0 #G01 391 679 46 46 201 54 0
19 34 0 #G01 391 700 46 46 201 54 0
19 35 0 #G01 391 720 46 46 201 54 0
19 36 0 #G01 391 741 46 46 201 54 0
19 37 0 #G01 391 762 46 46 201 54 0
20 1 0 #G01 411 20 46 46 201 54 0
20 2 0 #G01 411 41 46 46 201 54 0
20 3 0 #G01 411 61 46 46 201 54 0
20 4 0 #G01 411 82 46 46 201 54 0
20 5 0 #G01 411 102 46 46 201 54 0
20 6 0 #G01 411 123 46 46 201 54 0
20 7 0 #G01 411 144 46 46 201 54 0
20 8 0 #G01 411 164 46 46 201 54 0
20 9 0 #G01 411 185 46 46 201 54 0
20 10 0 #G01 411 205 46 46 201 54 0
20 11 0 #G01 411 226 46 46 201 54 0
20 12 0 #G01 411 247 46 46 201 54 0
20 13 0 #G01 411 267 46 46 201 54 0
20 14 0 #G01 411 288 46 46 201 54 0
20 15 0 #G01 411 308 46 46 201 54 0
20 16 0 #G01 411 329 46 46 201 54 0
20 17 0 #G01 411 350 46 46 201 54 0
20 18 0 #G01 411 370 46 46 201 54 0
20 19 0 #G01 411 391 46 46 201 54 0
20 20 0 #G01 411 411 46 46 201 54 0
20 21 0 #G01 411 432 46 46 201 54 0
20 22 0 #G01 411 453 46 46 201 54 0
20 23 0 #G01 411 473 46 46 201 54 0
20 24 0 #G01 411 494 46 46 201 54 0
20 25 0 #G01 411 514 46 46 201 54 0
20 26 0 #G01 411 535 46 46 201 54 0
20 27 0 #G01 411 556 46 46 201 54 0
20 28 0 #G01 411 576 46 46 201 54 0
20 29 0 #G01 411 597 46 46 201 54 0
20 30 0 #G01 411 617 46 46 201 54 0
20 31 0 #G01 411 638 46 46 201 54 0
20 32 0 #G01 411 659 46 46 201 54 0
20 33 0 #G01 411 679 46 46 201 54 0
20 34 0 #G01 411 700 46 46 201 54 0
20 35 0 #G01 411 720 46 46 201 54 0
20 36 0 #G01 411 741 46 46 201 54 0
20 37 0 #G01 411 762 46 46 201 54 0
21 1 0 #G01 432 20 46 46 201 54 0
21 2 0 #G01 432 41 46 46 201 54 0
21 3 0 #G01 432 61 46 46 201 54 0
21 4 0 #G01 432 82 46 46 201 54 0
21 5 0 #G01 432 102 46 46 201 54 0
21 6 0 #G01 432 123 46 46 201 54 0
21 7 0 #G01 432 144 46 46 201 54 0
21 8 0 #G01 432 164 46 46 201 54 0
21 9 0 #G01 432 185 46 46 201 54 0
21 10 0 #G01 432 205 46 46 201 54 0
21 11 0 #G01 432 226 46 46 201 54 0
21 12 0 #G01 432 247 46 46 201 54 0
21 13 0 #G01 432 267 46 46 201 54 0
21 14 0 #G01 432 288 46 46 201 54 0
21 15 0 #G01 432 308 46 46 201 54 0
21 16 0 #G01 432 329 46 46 201 54 0
21 17 0 #G01 432 350 46 46 201 54 0
21 18 0 #G01 432 370 46 46 201 54 0
21 19 0 #G01 432 391 46 46 201 54 0
21 20 0 #G01 432 411 46 46 201 54 0
21 21 0 #G01 432 432 46 46 201 54 0
21 22 0 #G01 432 453 46 46 201 54 0
21 23 0 #G01 432 473 46 46 201 54 0
21 24 0 #G01 432 494 46 46 201 54 0
21 25 0 #G01 432 514 46 46 201 54 0
21 26 0 #G01 432 535 46 46 201 54 0
21 27 0 #G01 432 556 46 46 201 54 0
21 28 0 #G01 432 576 46 46 201 54 0
21 29 0 #G01 432 597 46 46 201 54 0
21 30 0 #G01 432 617 46 46 201 54 0
21 31 0 #G01 432 638 46 46 201 54 0
21 32 0 #G01 432 659 46 46 201 54 0
21 33 0 #G01 432 679 46 46 201 54 0
21 34 0 #G01 432 700 46 46 201 54 0
21 35 0 #G01 432 720 46 46 201 54 0
21 36 0 #G01 432 741 46 46 201 54 0
21 37 0 #G01 432 762 46 46 201 54 0
22 1 0 #G01 453 20 46 46 201 54 0
22 2 0 #G01 453 41 46 46 201 54 0
22 3 0 #G01 453 61 46 46 201 54 0
22 4 0 #G01 453 82 46 46 201 54 0
22 5 0 #G01 453 102 46 46 201 54 0
22 6 0 #G01 453 123 46 46 201 54 0
22 7 0 #G01 453 144 46 46 201 54 0
22 8 0 #G01 453 164 46 46 201 54 0
22 9 0 #G01 453 185 46 46 201 54 0
22 10 0 #G01 453 205 46 46 201 54 0
22 11 0 #G01 453 226 46 46 201 54 0
22 12 0 #G01 453 247 46 46 201 54 0
22 13 0 #G01 453 267 46 46 201 54 0
22 14 0 #G01 453 288 46 46 201 54 0
22 15 0 #G01 453 308 46 46 201 54 0
22 16 0 #G01 453 329 46 46 201 54 0
22 17 0 #G01 453 350 46 46 201 54 0
22 18 0 #G01 453 370 46 46 201 54 0
22 19 0 #G01 453 391 46 46 201 54 0
22 20 0 #G01 453 411 46 46 201 54 0
22 21 0 #G01 453 432 46 46 201 54 0
22 22 0 #G01 453 453 46 46 201 54 0
22 23 0 #G01 453 473 46 46 201 54 0
22 24 0 #G01 453 494 46 46 201 54 0
22 25 0 #G01 453 514 46 46 201 54 0
22 26 0 #G01 453 535 46 46 201 54 0
22 27 0 #G01 453 556 46 46 201 54 0
22 28 0 #G01 453 576 46 46 201 54 0
22 29 0 #G01 453 597 46 46 201 54 0
22 30 0 #G01 453 617 46 46 201 54 0
22 31 0 #G01 453 638 46 46 201 54 0
22 32 0 #G01 453 659 46 46 201 54 0
22 33 0 #G01 453 679 46 46 201 54 0
22 34 0 #G01 453 700 46 46 201 54 0
22 35 0 #G01 453 720 46 46 201 54 0
22 36 0 #G01 453 741 46 46 201 54 0
22 37 0 #G01 453 762 46 46 201 54 0
23 1 0 #G01 473 20 46 46 201 54 0
23 2 0 #G01 473 41 46 46 201 54 0
23 3 0 #G01 473 61 46 46 201 54 0
23 4 0 #G01 473 82 46 46 201 54 0
23 5 0 #G01 473 102 46 46 201 54 0
23 6 0 #G01 473 123 46 46 201 54 0
23 7 0 #G01 473 144 46 46 201 54 0
23 8 0 #G01 473 164 46 46 201 54 0
23 9 0 #G01 473 185 46 46 201 54 0
23 10 0 #G01 473 205 46 46 201 54 0
23 11 0 #G01 473 226 46 46 201 54 0
23 12 0 #G01 473 247 46 46 201 54 0
23 13 0 #G01 473 267 46 46 201 54 0
23 14 0 #G01 473 288 46 46 201 54 0
23 15 0 #G01 473 308 46 46 201 54 0
23 16 0 #G01 473 329 46 46 201 54 0
23 17 0 #G01 473 350 46 46 201 54 0
23 18 0 #G01 473 370 46 46 201 54 0
23 19 0 #G01 473 391 46 46 201 54 0
23 20 0 #G01 473 411 46 46 201 54 0
23 21 0 #G01 473 432 46 46 201 54 0
23 22 0 #G01 473 453 46 46 201 54 0
23 23 0 #G01 473 473 46 46 201 54 0
23 24 0 #G01 473 494 46 46 201 54 0
23 25 0 #G01 473 514 46 46 201 54 0
23 26 0 #G01 473 535 46 46 201 54 0
23 27 0 #G01 473 556 46 46 201 54 0
23 28 0 #G01 473 576 46 46 201 54 0
23 29 0 #G01 473 597 46 46 201 54 0
23 30 0 #G01 473 617 46 46 201 54 0
23 31 0 #G01 473 638 46 46 201 54 0
23 32 0 #G01 473 659 46 46 201 54 0
23 33 0 #G01 473 679 46 46 201 54 0
23 34 0 #G01 473 700 46 46 201 54 0
23 35 0 #G01 473 720 46 46 201 54 0
23 36 0 #G01 473 741 46 46 201 54 0
23 37 0 #G01 473 762 46 46 201 54 0
24 1 0 #G01 494 20 46 46 201 54 0
24 2 0 #G01 494 41 46 46 201 54 0
24 3 0 #G01 494 61 46 46 201 54 0
24 4 0 #G01 494 82 46 46 201 54 0
24 5 0 #G01 494 102 46 46 201 54 0
24 6 0 #G01 494 123 46 46 201 54 0
24 7 0 #G01 494 144 46 46 201 54 0
24 8 0 #G01 494 164 46 46 201 54 0
24 9 0 #G01 494 185 46 46 201 54 0
24 10 0 #G01 494 205 46 46 201 54 0
24 11 0 #G01 494 226 46 46 201 54 0
24 12 0 #G01 494 247 46 46 201 54 0
24 13 0 #G01 494 267 46 46 201 54 0
24 14 0 #G01 494 288 46 46 201 54 0
24 15 0 #G01 494 308 46 46 201 54 0
24 16 0 #G01 494 329 46 46 201 54 0
24 17 0 #G01 494 350 46 46 201 54 0
24 18 0 #G01 494 370 46 46 201 54 0
24 19 0 #G01 494 391 46 46 201 54 0
24 20 0 #G01 494 411 46 46 201 54 0
24 21 0 #G01 494 432 46 46 201 54 0
24 22 0 #G01 494 453 46 46 201 54 0
24 23 0 #G01 494 473 46 46 201 54 0
24 24 0 #G01 494 494 46 46 201 54 0
24 25 0 #G01 494 514 46 46 201 54 0
24 26 0 #G01 494 535 46 46 201 54 0
24 27 0 #G01 494 556 46 46 201 54 0
24 28 0 #G01 494 576 46 46 201 54 0
24 29 0 #G01 494 597 46 46 201 54 0
24 30 0 #G01 494 617 46 46 201 54 0
24 31 0 #G01 494 638 46 46 201 54 0
24 32 0 #G01 494 659 46 46 201 54 0
24 33 0 #G01 494 679 46 46 201 54 0
24 34 0 #G01 494 700 46 46 201 54 0
24 35 0 #G01 494 720 46 46 201 54 0
24 36 0 #G01 494 741 46 46 201 54 0
24 37 0 #G01 494 762 46 46 201 54 0
25 1 0 #G01 514 20 46 46 201 54 0
25 2 0 #G01 514 41 46 46 201 54 0
25 3 0 #G01 514 61 46 46 201 54 0
25 4 0 #G01 514 82 46 46 201 54 0
25 5 0 #G01 514 102 46 46 201 54 0
25 6 0 #G01 514 123 46 46 201 54 0
25 7 0 #G01 514 144 46 46 201 54 0
25 8 0 #G01 514 164 46 46 201 54 0
25 9 0 #G01 514 185 46 46 201 54 0
25 10 0 #G01 514 205 46 46 201 54 0
25 11 0 #G01 514 226 46 46 201 54 0
25 12 0 #G01 514 247 46 46 201 54 0
25 13 0 #G01 514 267 46 46 201 54 0
25 14 0 #G01 514 288 46 46 201 54 0
25 15 0 #G01 514 308 46 46 201 54 0
25 16 0 #G01 514 329 46 46 201 54 0
25 17 0 #G01 514 350 46 46 201 54 0
25 18 0 #G01 514 370 46 46 201 54 0
25 19 0 #G01 514 391 46 46 201 54 0
25 20 0 #G01 514 411 46 46 201 54 0
25 21 0 #G01 514 432 46 46 201 54 0
25 22 0 #G01 514 453 46 46 201 54 0
25 23 0 #G01 514 473 46 46 201 54 0
25 24 0 #G01 514 494 46 46 201 54 0
25 25 0 #G01 514 514 46 46 201 54 0
25 26 0 #G01 514 535 46 46 201 54 0
25 27 0 #G01 514 556 46 46 201 54 0
25 28 0 #G01 514 576 46 46 201 54 0
25 29 0 #G01 514 597 46 46 201 54 0
25 30 0 #G01 514 617 46 46 201 54 0
25 31 0 #G01 514 638 46 46 201 54 0
25 32 0 #G01 514 659 46 46 201 54 0
25 33 0 #G01 514 679 46 46 201 54 0
25 34 0 #G01 514 700 46 46 201 54 0
25 35 0 #G01 514 720 46 46 201 54 0
25 36 0 #G01 514 741 46 46 201 54 0
25 37 0 #G01 514 762 46 46 201 54 0
26 1 0 #G01 535 20 46 46 201 54 0
26 2 0 #G01 535 41 46 46 201 54 0
26 3 0 #G01 535 61 46 46 201 54 0
26 4 0 #G01 535 82 46 46 201 54 0
26 5 0 #G01 535 102 46 46 201 54 0
26 6 0 #G01 535 123 46 46 201 54 0
26 7 0 #G01 535 144 46 46 201 54 0
26 8 0 #G01 535 164 46 46 201 54 0
26 9 0 #G01 535 185 46 46 201 54 0
26 10 0 #G01 535 205 46 46 201 54 0
26 11 0 #G01 535 226 46 46 201 54 0
26 12 0 #G01 535 247 46 46 201 54 0
26 13 0 #G01 535 267 46 46 201 54 0
26 14 0 #G01 535 288 46 46 201 54 0
26 15 0 #G01 535 308 46 46 201 54 0
26 16 0 #G01 535 329 46 46 201 54 0
26 17 0 #G01 535 350 46 46 201 54 0
26 18 0 #G01 535 370 46 46 201 54 0
26 19 0 #G01 535 391 46 46 201 54 0
26 20 0 #G01 535 411 46 46 201 54 0
26 21 0 #G01 535 432 46 46 201 54 0
26 22 0 #G01 535 453 46 46 201 54 0
26 23 0 #G01 535 473 46 46 201 54 0
26 24 0 #G01 535 494 46 46 201 54 0
26 25 0 #G01 535 514 46 46 201 54 0
26 26 0 #G01 535 535 46 46 201 54 0
26 27 0 #G01 535 556 46 46 201 54 0
26 28 0 #G01 535 576 46 46 201 54 0
26 29 0 #G01 535 597 46 46 201 54 0
26 30 0 #G01 535 617 46 46 201 54 0
26 31 0 #G01 535 638 46 46 201 54 0
26 32 0 #G01 535 659 46 46 201 54 0
26 33 0 #G01 535 679 46 46 201 54 0
26 34 0 #G01 535 700 46 46 201 54 0
26 35 0 #G01 535 720 46 46 201 54 0
26 36 0 #G01 535 741 46 46 201 54 0
26 37 0 #G01 535 762 46 46 201 54 0
27 1 0 #G01 556 20 46 46 201 54 0
27 2 0 #G01 556 41 46 46 201 54 0
27 3 0 #G01 556 61 46 46 201 54 0
27 4 0 #G01 556 82 46 46 201 54 0
27 5 0 #G01 556 102 46 46 201 54 0
27 6 0 #G01 556 123 46 46 201 54 0
27 7 0 #G01 556 144 46 46 201 54 0
27 8 0 #G01 556 164 46 46 201 54 0
27 9 0 #G01 556 185 46 46 201 54 0
27 10 0 #G01 556 205 46 46 201 54 0
27 11 0 #G01 556 226 46 46 201 54 0
27 12 0 #G01 556 247 46 46 201 54 0
27 13 0 #G01 556 267 46 46 201 54 0
27 14 0 #G01 556 288 46 46 201 54 0
27 15 0 #G01 556 308 46 46 201 54 0
27 16 0 #G01 556 329 46 46 201 54 0
27 17 0 #G01 556 350 46 46 201 54 0
27 18 0 #G01 556 370 46 46 201 54 0
27 19 0 #G01 556 391 46 46 201 54 0
27 20 0 #G01 556 411 46 46 201 54 0
27 21 0 #G01 556 432 46 46 201 54 0
27 22 0 #G01 556 453 46 46 201 54 0
27 23 0 #G01 556 473 46 46 201 54 0
27 24 0 #G01 556 494 46 46 201 54 0
27 25 0 #G01 556 514 46 46 201 54 0
27 26 0 #G01 556 535 46 46 201 54 0
27 27 0 #G01 556 556 46 46 201 54 0
27 28 0 #G01 556 576 46 46 201 54 0
27 29 0 #G01 556 597 46 46 201 54 0
27 30 0 #G01 556 617 46 46 201 54 0
27 31 0 #G01 556 638 46 46 201 54 0
27 32 0 #G01 556 659 46 46 201 54 0
27 33 0 #G01 556 679 46 46 201 54 0
27 34 0 #G01 556 700 46 46 201 54 0
27 35 0 #G01 556 720 46 46 201 54 0
27 36 0 #G01 556 741 46 46 201 54 0
27 37 0 #G01 556 762 46 46 201 54 0
28 1 0 #G01 576 20 46 46 201 54 0
28 2 0 #G01 576 41 46 46 201 54 0
28 3 0 #G01 576 61 46 46 201 54 0
28 3 1 #G01 576 61 46 46 201 54 0
28 4 0 #G01 576 82 46 46 201 54 0
28 5 0 #G01 576 102 46 46 201 54 0
28 6 0 #G01 576 123 46 46 201 54 0
28 7 0 #G01 576 144 46 46 201 54 0
28 8 0 #G01 576 164 46 46 201 54 0
28 9 0 #G01 576 185 46 46 201 54 0
28 10 0 #G01 576 205 46 46 201 54 0
28 11 0 #G01 576 226 46 46 201 54 0
28 12 0 #G01 576 247 46 46 201 54 0
28 12 1 #G01 576 247 46 46 201 54 0
28 13 0 #G01 576 267 46 46 201 54 0
28 14 0 #G01 576 288 46 46 201 54 0
28 15 0 #G01 576 308 46 46 201 54 0
28 16 0 #G01 576 329 46 46 201 54 0
28 17 0 #G01 576 350 46 46 201 54 0
28 17 1 #G01 576 350 46 46 201 54 0
28 18 0 #G01 576 370 46 46 201 54 0
28 19 0 #G01 576 391 46 46 201 54 0
28 20 0 #G01 576 411 46 46 201 54 0
28 21 0 #G01 576 432 46 46 201 54 0
28 22 0 #G01 576 453 46 46 201 54 0
28 23 0 #G01 576 473 46 46 201 54 0
28 24 0 #G01 576 494 46 46 201 54 0
28 25 0 #G01 576 514 46 46 201 54 0
28 26 0 #G01 576 535 46 46 201 54 0
28 27 0 #G01 576 556 46 46 201 54 0
28 28 0 #G01 576 576 46 46 201 54 0
28 29 0 #G01 576 597 46 46 201 54 0
28 30 0 #G01 576 617 46 46 201 54 0
28 31 0 #G01 576 638 46 46 201 54 0
28 32 0 #G01 576 659 46 46 201 54 0
28 33 0 #G01 576 679 46 46 201 54 0
28 34 0 #G01 576 700 46 46 201 54 0
28 35 0 #G01 576 720 46 46 201 54 0
28 36 0 #G01 576 741 46 46 201 54 0
28 37 0 #G01 576 762 46 46 201 54 0
29 1 0 #G01 597 20 46 46 201 54 0
29 2 0 #G01 597 41 46 46 201 54 0
29 3 0 #G01 597 61 46 46 201 54 0
29 4 0 #G01 597 82 46 46 201 54 0
29 5 0 #G01 597 102 46 46 201 54 0
29 6 0 #G01 597 123 46 46 201 54 0
29 7 0 #G01 597 144 46 46 201 54 0
29 8 0 #G01 597 164 46 46 201 54 0
29 9 0 #G01 597 185 46 46 201 54 0
29 10 0 #G01 597 205 46 46 201 54 0
29 11 0 #G01 597 226 46 46 201 54 0
29 12 0 #G01 597 247 46 46 201 54 0
29 13 0 #G01 597 267 46 46 201 54 0
29 14 0 #G01 597 288 46 46 201 54 0
29 15 0 #G01 597 308 46 46 201 54 0
29 16 0 #G01 597 329 46 46 201 54 0
29 17 0 #G01 597 350 46 46 201 54 0
29 18 0 #G01 597 370 46 46 201 54 0
29 18 1 #G01 597 370 46 46 201 54 0
29 19 0 #G01 597 391 46 46 201 54 0
29 20 0 #G01 597 411 46 46 201 54 0
29 21 0 #G01 597 432 46 46 201 54 0
29 22 0 #G01 597 453 46 46 201 54 0
29 23 0 #G01 597 473 46 46 201 54 0
29 24 0 #G01 597 494 46 46 201 54 0
29 25 0 #G01 597 514 46 46 201 54 0
29 26 0 #G01 597 535 46 46 201 54 0
29 27 0 #G01 597 556 46 46 201 54 0
29 28 0 #G01 597 576 46 46 201 54 0
29 29 0 #G01 597 597 46 46 201 54 0
29 30 0 #G01 597 617 46 46 201 54 0
29 31 0 #G01 597 638 46 46 201 54 0
29 32 0 #G01 597 659 46 46 201 54 0
29 33 0 #G01 597 679 46 46 201 54 0
29 34 0 #G01 597 700 46 46 201 54 0
29 35 0 #G01 597 720 46 46 201 54 0
29 36 0 #G01 597 741 46 46 201 54 0
29 37 0 #G01 597 762 46 46 201 54 0
30 1 0 #G01 617 20 46 46 201 54 0
30 2 0 #G01 617 41 46 46 201 54 0
30 3 0 #G01 617 61 46 46 201 54 0
30 4 0 #G01 617 82 46 46 201 54 0
30 5 0 #G01 617 102 46 46 201 54 0
30 6 0 #G01 617 123 46 46 201 54 0
30 7 0 #G01 617 144 46 46 201 54 0
30 8 0 #G01 617 164 46 46 201 54 0
30 9 0 #G01 617 185 46 46 201 54 0
30 10 0 #G01 617 205 46 46 201 54 0
30 11 0 #G01 617 226 46 46 201 54 0
30 12 0 #G01 617 247 46 46 201 54 0
30 13 0 #G01 617 267 46 46 201 54 0
30 14 0 #G01 617 288 46 46 201 54 0
30 15 0 #G01 617 308 46 46 201 54 0
30 16 0 #G01 617 329 46 46 201 54 0
30 17 0 #G01 617 350 46 46 201 54 0
30 18 0 #G01 617 370 46 46 201 54 0
30 18 1 #G01 617 370 46 46 201 54 0
30 19 0 #G01 617 391 46 46 201 54 0
30 20 0 #G01 617 411 46 46 201 54 0
30 21 0 #G01 617 432 46 46 201 54 0
30 22 0 #G01 617 453 46 46 201 54 0
30 23 0 #G01 617 473 46 46 201 54 0
30 24 0 #G01 617 494 46 46 201 54 0
30 25 0 #G01 617 514 46 46 201 54 0
30 26 0 #G01 617 535 46 46 201 54 0
30 27 0 #G01 617 556 46 46 201 54 0
30 28 0 #G01 617 576 46 46 201 54 0
30 29 0 #G01 617 597 46 46 201 54 0
30 30 0 #G01 617 617 46 46 201 54 0
30 31 0 #G01 617 638 46 46 201 54 0
30 32 0 #G01 617 659 46 46 201 54 0
30 33 0 #G01 617 679 46 46 201 54 0
30 34 0 #G01 617 700 46 46 201 54 0
30 35 0 #G01 617 720 46 46 201 54 0
30 36 0 #G01 617 741 46 46 201 54 0
30 37 0 #G01 617 762 46 46 201 54 0
31 1 0 #G01 638 20 46 46 201 54 0
31 2 0 #G01 638 41 46 46 201 54 0
31 3 0 #G01 638 61 46 46 201 54 0
31 4 0 #G01 638 82 46 46 201 54 0
31 5 0 #G01 638 102 46 46 201 54 0
31 6 0 #G01 638 123 46 46 201 54 0
31 7 0 #G01 638 144 46 46 201 54 0
31 8 0 #G01 638 164 46 46 201 54 0
31 9 0 #G01 638 185 46 46 201 54 0
31 10 0 #G01 638 205 46 46 201 54 0
31 11 0 #G01 638 226 46 46 201 54 0
31 12 0 #G01 638 247 46 46 201 54 0
31 13 0 #G01 638 267 46 46 201 54 0
31 14 0 #G01 638 288 46 46 201 54 0
31 15 0 #G01 638 308 46 46 201 54 0
31 16 0 #G01 638 329 46 46 201 54 0
31 17 0 #G01 638 350 46 46 201 54 0
31 18 0 #G01 638 370 46 46 201 54 0
31 18 1 #G01 638 370 46 46 201 54 0
31 19 0 #G01 638 391 46 46 201 54 0
31 20 0 #G01 638 411 46 46 201 54 0
31 21 0 #G01 638 432 46 46 201 54 0
31 22 0 #G01 638 453 46 46 201 54 0
31 23 0 #G01 638 473 46 46 201 54 0
31 24 0 #G01 638 494 46 46 201 54 0
31 25 0 #G01 638 514 46 46 201 54 0
31 26 0 #G01 638 535 46 46 201 54 0
31 27 0 #G01 638 556 46 46 201 54 0
31 28 0 #G01 638 576 46 46 201 54 0
31 29 0 #G01 638 597 46 46 201 54 0
31 30 0 #G01 638 617 46 46 201 54 0
31 31 0 #G01 638 638 46 46 201 54 0
31 32 0 #G01 638 659 46 46 201 54 0
31 33 0 #G01 638 679 46 46 201 54 0
31 34 0 #G01 638 700 46 46 201 54 0
31 35 0 #G01 638 720 46 46 201 54 0
31 36 0 #G01 638 741 46 46 201 54 0
31 37 0 #G01 638 762 46 46 201 54 0
32 1 0 #G01 659 20 46 46 201 54 0
32 2 0 #G01 659 41 46 46 201 54 0
32 3 0 #G01 659 61 46 46 201 54 0
32 4 0 #G01 659 82 46 46 201 54 0
32 5 0 #G01 659 102 46 46 201 54 0
32 6 0 #G01 659 123 46 46 201 54 0
32 7 0 #G01 659 144 46 46 201 54 0
32 8 0 #G01 659 164 46 46 201 54 0
32 9 0 #G01 659 185 46 46 201 54 0
32 10 0 #G01 659 205 46 46 201 54 0
32 11 0 #G01 659 226 46 46 201 54 0
32 12 0 #G01 659 247 46 46 201 54 0
32 13 0 #G01 659 267 46 46 201 54 0
32 14 0 #G01 659 288 46 46 201 54 0
32 15 0 #G01 659 308 46 46 201 54 0
32 16 0 #G01 659 329 46 46 201 54 0
32 17 0 #G01 659 350 46 46 201 54 0
32 18 0 #G01 659 370 46 46 201 54 0
32 18 1 #G01 659 370 46 46 201 54 0
32 19 0 #G01 659 391 46 46 201 54 0
32 20 0 #G01 659 411 46 46 201 54 0
32 21 0 #G01 659 432 46 46 201 54 0
32 22 0 #G01 659 453 46 46 201 54 0
32 23 0 #G01 659 473 46 46 201 54 0
32 24 0 #G01 659 494 46 46 201 54 0
32 25 0 #G01 659 514 46 46 201 54 0
32 26 0 #G01 659 535 46 46 201 54 0
32 27 0 #G01 659 556 46 46 201 54 0
32 28 0 #G01 659 576 46 46 201 54 0
32 29 0 #G01 659 597 46 46 201 54 0
32 30 0 #G01 659 617 46 46 201 54 0
32 31 0 #G01 659 638 46 46 201 54 0
32 32 0 #G01 659 659 46 46 201 54 0
32 33 0 #G01 659 679 46 46 201 54 0
32 34 0 #G01 659 700 46 46 201 54 0
32 35 0 #G01 659 720 46 46 201 54 0
32 36 0 #G01 659 741 46 46 201 54 0
32 37 0 #G01 659 762 46 46 201 54 0
33 1 0 #G01 679 20 46 46 201 54 0
33 2 0 #G01 679 41 46 46 201 54 0
33 3 0 #G01 679 61 46 46 201 54 0
33 4 0 #G01 679 82 46 46 201 54 0
33 5 0 #G01 679 102 46 46 201 54 0
33 6 0 #G01 679 123 46 46 201 54 0
33 7 0 #G01 679 144 46 46 201 54 0
33 8 0 #G01 679 164 46 46 201 54 0
33 9 0 #G01 679 185 46 46 201 54 0
33 10 0 #G01 679 205 46 46 201 54 0
33 11 0 #G01 679 226 46 46 201 54 0
33 12 0 #G01 679 247 46 46 201 54 0
33 13 0 #G01 679 267 46 46 201 54 0
33 14 0 #G01 679 288 46 46 201 54 0
33 15 0 #G01 679 308 46 46 201 54 0
33 16 0 #G01 679 329 46 46 201 54 0
33 17 0 #G01 679 350 46 46 201 54 0
33 18 0 #G01 679 370 46 46 201 54 0
33 18 1 #G01 679 370 46 46 201 54 0
33 19 0 #G01 679 391 46 46 201 54 0
33 20 0 #G01 679 411 46 46 201 54 0
33 21 0 #G01 679 432 46 46 201 54 0
33 22 0 #G01 679 453 46 46 201 54 0
33 23 0 #G01 679 473 46 46 201 54 0
33 24 0 #G01 679 494 46 46 201 54 0
33 25 0 #G01 679 514 46 46 201 54 0
33 26 0 #G01 679 535 46 46 201 54 0
33 27 0 #G01 679 556 46 46 201 54 0
33 28 0 #G01 679 576 46 46 201 54 0
33 29 0 #G01 679 597 46 46 201 54 0
33 30 0 #G01 679 617 46 46 201 54 0
33 31 0 #G01 679 638 46 46 201 54 0
33 32 0 #G01 679 659 46 46 201 54 0
33 33 0 #G01 679 679 46 46 201 54 0
33 34 0 #G01 679 700 46 46 201 54 0
33 35 0 #G01 679 720 46 46 201 54 0
33 36 0 #G01 679 741 46 46 201 54 0
33 37 0 #G01 679 762 46 46 201 54 0
34 1 0 #G01 700 20 46 46 201 54 0
34 2 0 #G01 700 41 46 46 201 54 0
34 3 0 #G01 700 61 46 46 201 54 0
34 4 0 #G01 700 82 46 46 201 54 0
34 5 0 #G01 700 102 46 46 201 54 0
34 6 0 #G01 700 123 46 46 201 54 0
34 7 0 #G01 700 144 46 46 201 54 0
34 8 0 #G01 700 164 46 46 201 54 0
34 9 0 #G01 700 185 46 46 201 54 0
34 10 0 #G01 700 205 46 46 201 54 0
34 11 0 #G01 700 226 46 46 201 54 0
34 12 0 #G01 700 247 46 46 201 54 0
34 13 0 #G01 700 267 46 46 201 54 0
34 14 0 #G01 700 288 46 46 201 54 0
34 15 0 #G01 700 308 46 46 201 54 0
34 16 0 #G01 700 329 46 46 201 54 0
34 17 0 #G01 700 350 46 46 201 54 0
34 18 0 #G01 700 370 46 46 201 54 0
34 18 1 #G01 700 370 46 46 201 54 0
34 19 0 #G01 700 391 46 46 201 54 0
34 20 0 #G01 700 411 46 46 201 54 0
34 21 0 #G01 700 432 46 46 201 54 0
34 22 0 #G01 700 453 46 46 201 54 0
34 23 0 #G01 700 473 46 46 201 54 0
34 24 0 #G01 700 494 46 46 201 54 0
34 25 0 #G01 700 514 46 46 201 54 0
34 26 0 #G01 700 535 46 46 201 54 0
34 27 0 #G01 700 556 46 46 201 54 0
34 28 0 #G01 700 576 46 46 201 54 0
34 29 0 #G01 700 597 46 46 201 54 0
34 30 0 #G01 700 617 46 46 201 54 0
34 31 0 #G01 700 638 46 46 201 54 0
34 32 0 #G01 700 659 46 46 201 54 0
34 33 0 #G01 700 679 46 46 201 54 0
34 34 0 #G01 700 700 46 46 201 54 0
34 35 0 #G01 700 720 46 46 201 54 0
34 36 0 #G01 700 741 46 46 201 54 0
34 37 0 #G01 700 762 46 46 201 54 0
34 37 1 #G01 700 762 46 46 201 54 0
35 1 0 #G01 720 20 46 46 201 54 0
35 2 0 #G01 720 41 46 46 201 54 0
35 3 0 #G01 720 61 46 46 201 54 0
35 4 0 #G01 720 82 46 46 201 54 0
35 5 0 #G01 720 102 46 46 201 54 0
35 6 0 #G01 720 123 46 46 201 54 0
35 7 0 #G01 720 144 46 46 201 54 0
35 8 0 #G01 720 164 46 46 201 54 0
35 9 0 #G01 720 185 46 46 201 54 0
35 10 0 #G01 720 205 46 46 201 54 0
35 11 0 #G01 720 226 46 46 201 54 0
35 12 0 #G01 720 247 46 46 201 54 0
35 13 0 #G01 720 267 46 46 201 54 0
35 14 0 #G01 720 288 46 46 201 54 0
35 15 0 #G01 720 308 46 46 201 54 0
35 16 0 #G01 720 329 46 46 201 54 0
35 17 0 #G01 720 350 46 46 201 54 0
35 18 0 #G01 720 370 46 46 201 54 0
35 19 0 #G01 720 391 46 46 201 54 0
35 20 0 #G01 720 411 46 46 201 54 0
35 21 0 #G01 720 432 46 46 201 54 0
35 22 0 #G01 720 453 46 46 201 54 0
35 23 0 #G01 720 473 46 46 201 54 0
35 24 0 #G01 720 494 46 46 201 54 0
35 25 0 #G01 720 514 46 46 201 54 0
35 26 0 #G01 720 535 46 46 201 54 0
35 27 0 #G01 720 556 46 46 201 54 0
35 28 0 #G01 720 576 46 46 201 54 0
35 29 0 #G01 720 597 46 46 201 54 0
35 30 0 #G01 720 617 46 46 201 54 0
35 31 0 #G01 720 638 46 46 201 54 0
35 32 0 #G01 720 659 46 46 201 54 0
35 33 0 #G01 720 679 46 46 201 54 0
35 34 0 #G01 720 700 46 46 201 54 0
35 35 0 #G01 720 720 46 46 201 54 0
35 36 0 #G01 720 741 46 46 201 54 0
35 37 0 #G01 720 762 46 46 201 54 0
35 38 0 #G01 720 782 46 46 201 54 0
35 39 0 #G01 720 803 46 46 201 54 0
35 40 0 #G01 720 823 46 46 201 54 0
36 1 0 #G01 741 20 46 46 201 54 0
36 2 0 #G01 741 41 46 46 201 54 0
36 3 0 #G01 741 61 46 46 201 54 0
36 4 0 #G01 741 82 46 46 201 54 0
36 5 0 #G01 741 102 46 46 201 54 0
36 6 0 #G01 741 123 46 46 201 54 0
36 7 0 #G01 741 144 46 46 201 54 0
36 8 0 #G01 741 164 46 46 201 54 0
36 9 0 #G01 741 185 46 46 201 54 0
36 10 0 #G01 741 205 46 46 201 54 0
36 11 0 #G01 741 226 46 46 201 54 0
36 12 0 #G01 741 247 46 46 201 54 0
36 13 0 #G01 741 267 46 46 201 54 0
36 14 0 #G01 741 288 46 46 201 54 0
36 15 0 #G01 741 308 46 46 201 54 0
36 16 0 #G01 741 329 46 46 201 54 0
36 17 0 #G01 741 350 46 46 201 54 0
36 18 0 #G01 741 370 46 46 201 54 0
36 19 0 #G01 741 391 46 46 201 54 0
36 20 0 #G01 741 411 46 46 201 54 0
36 21 0 #G01 741 432 46 46 201 54 0
36 22 0 #G01 741 453 46 46 201 54 0
36 23 0 #G01 741 473 46 46 201 54 0
36 24 0 #G01 741 494 46 46 201 54 0
36 25 0 #G01 741 514 46 46 201 54 0
36 26 0 #G01 741 535 46 46 201 54 0
36 27 0 #G01 741 556 46 46 201 54 0
36 28 0 #G01 741 576 46 46 201 54 0
36 29 0 #G01 741 597 46 46 201 54 0
36 30 0 #G01 741 617 46 46 201 54 0
36 31 0 #G01 741 638 46 46 201 54 0
36 32 0 #G01 741 659 46 46 201 54 0
36 33 0 #G01 741 679 46 46 201 54 0
36 34 0 #G01 741 700 46 46 201 54 0
36 35 0 #G01 741 720 46 46 201 54 0
36 36 0 #G01 741 741 46 46 201 54 0
36 37 0 #G01 741 762 46 46 201 54 0
36 38 0 #G01 741 782 46 46 201 54 0
36 39 0 #G01 741 803 46 46 201 54 0
36 40 0 #G01 741 823 46 46 201 54 0
37 1 0 #G01 762 20 46 46 201 54 0
37 2 0 #G01 762 41 46 46 201 54 0
37 3 0 #G01 762 61 46 46 201 54 0
37 4 0 #G01 762 82 46 46 201 54 0
37 5 0 #G01 762 102 46 46 201 54 0
37 6 0 #G01 762 123 46 46 201 54 0
37 7 0 #G01 762 144 46 46 201 54 0
37 8 0 #G01 762 164 46 46 201 54 0
37 9 0 #G01 762 185 46 46 201 54 0
37 10 0 #G01 762 205 46 46 201 54 0
37 11 0 #G01 762 226 46 46 201 54 0
37 12 0 #G01 762 247 46 46 201 54 0
37 13 0 #G01 762 267 46 46 201 54 0
37 14 0 #G01 762 288 46 46 201 54 0
37 15 0 #G01 762 308 46 46 201 54 0
37 16 0 #G01 762 329 46 46 201 54 0
37 17 0 #G01 762 350 46 46 201 54 0
37 18 0 #G01 762 370 46 46 201 54 0
37 19 0 #G01 762 391 46 46 201 54 0
37 20 0 #G01 762 411 46 46 201 54 0
37 21 0 #G01 762 432 46 46 201 54 0
37 22 0 #G01 762 453 46 46 201 54 0
37 23 0 #G01 762 473 46 46 201 54 0
37 24 0 #G01 762 494 46 46 201 54 0
37 25 0 #G01 762 514 46 46 201 54 0
37 26 0 #G01 762 535 46 46 201 54 0
37 27 0 #G01 762 556 46 46 201 54 0
37 28 0 #G01 762 576 46 46 201 54 0
37 29 0 #G01 762 597 46 46 201 54 0
37 30 0 #G01 762 617 46 46 201 54 0
37 31 0 #G01 762 638 46 46 201 54 0
37 32 0 #G01 762 659 46 46 201 54 0
37 33 0 #G01 762 679 46 46 201 54 0
37 34 0 #G01 762 700 46 46 201 54 0
37 35 0 #G01 762 720 46 46 201 54 0
37 36 0 #G01 762 741 46 46 201 54 0
37 37 0 #G01 762 762 46 46 201 54 0
37 38 0 #G01 762 782 46 46 201 54 0
37 39 0 #G01 762 803 46 46 201 54 0
37 40 0 #G01 762 823 46 46 201 54 0
38 1 0 #G01 782 20 46 46 201 54 0
38 2 0 #G01 782 41 46 46 201 54 0
38 3 0 #G01 782 61 46 46 201 54 0
38 4 0 #G01 782 82 46 46 201 54 0
38 5 0 #G01 782 102 46 46 201 54 0
38 6 0 #G01 782 123 46 46 201 54 0
38 7 0 #G01 782 144 46 46 201 54 0
38 8 0 #G01 782 164 46 46 201 54 0
38 9 0 #G01 782 185 46 46 201 54 0
38 10 0 #G01 782 205 46 46 201 54 0
38 11 0 #G01 782 226 46 46 201 54 0
38 12 0 #G01 782 247 46 46 201 54 0
38 13 0 #G01 782 267 46 46 201 54 0
38 14 0 #G01 782 288 46 46 201 54 0
38 15 0 #G01 782 308 46 46 201 54 0
38 16 0 #G01 782 329 46 46 201 54 0
38 17 0 #G01 782 350 46 46 201 54 0
38 18 0 #G01 782 370 46 46 201 54 0
38 19 0 #G01 782 391 46 46 201 54 0
38 20 0 #G01 782 411 46 46 201 54 0
38 21 0 #G01 782 432 46 46 201 54 0
38 22 0 #G01 782 453 46 46 201 54 0
38 23 0 #G01 782 473 46 46 201 54 0
38 24 0 #G01 782 494 46 46 201 54 0
38 25 0 #G01 782 514 46 46 201 54 0
38 26 0 #G01 782 535 46 46 201 54 0
38 27 0 #G01 782 556 46 46 201 54 0
38 28 0 #G01 782 576 46 46 201 54 0
38 29 0 #G01 782 597 46 46 201 54 0
38 30 0 #G01 782 617 46 46 201 54 0
38 31 0 #G01 782 638 46 46 201 54 0
38 32 0 #G01 782 659 46 46 201 54 0
38 33 0 #G01 782 679 46 46 201 54 0
38 34 0 #G01 782 700 46 46 201 54 0
38 35 0 #G01 782 720 46 46 201 54 0
38 36 0 #G01 782 741 46 46 201 54 0
38 37 0 #G01 782 762 46 46 201 54 0
38 38 0 #G01 782 782 46 46 201 54 0
38 39 0 #G01 782 803 46 46 201 54 0
38 40 0 #G01 782 823 46 46 201 54 0
39 1 0 #G01 803 20 46 46 201 54 0
39 2 0 #G01 803 41 46 46 201 54 0
39 3 0 #G01 803 61 46 46 201 54 0
39 4 0 #G01 803 82 46 46 201 54 0
39 5 0 #G01 803 102 46 46 201 54 0
39 6 0 #G01 803 123 46 46 201 54 0
39 7 0 #G01 803 144 46 46 201 54 0
39 8 0 #G01 803 164 46 46 201 54 0
39 9 0 #G01 803 185 46 46 201 54 0
39 10 0 #G01 803 205 46 46 201 54 0
39 11 0 #G01 803 226 46 46 201 54 0
39 12 0 #G01 803 247 46 46 201 54 0
39 13 0 #G01 803 267 46 46 201 54 0
39 14 0 #G01 803 288 46 46 201 54 0
39 15 0 #G01 803 308 46 46 201 54 0
39 16 0 #G01 803 329 46 46 201 54 0
39 17 0 #G01 803 350 46 46 201 54 0
39 18 0 #G01 803 370 46 46 201 54 0
39 19 0 #G01 803 391 46 46 201 54 0
39 20 0 #G01 803 411 46 46 201 54 0
39 21 0 #G01 803 432 46 46 201 54 0
39 22 0 #G01 803 453 46 46 201 54 0
39 23 0 #G01 803 473 46 46 201 54 0
39 24 0 #G01 803 494 46 46 201 54 0
39 25 0 #G01 803 514 46 46 201 54 0
39 26 0 #G01 803 535 46 46 201 54 0
39 27 0 #G01 803 556 46 46 201 54 0
39 28 0 #G01 803 576 46 46 201 54 0
39 29 0 #G01 803 597 46 46 201 54 0
39 30 0 #G01 803 617 46 46 201 54 0
39 31 0 #G01 803 638 46 46 201 54 0
39 32 0 #G01 803 659 46 46 201 54 0
39 33 0 #G01 803 679 46 46 201 54 0
39 34 0 #G01 803 700 46 46 201 54 0
39 35 0 #G01 803 720 46 46 201 54 0
39 36 0 #G01 803 741 46 46 201 54 0
39 37 0 #G01 803 762 46 46 201 54 0
39 38 0 #G01 803 782 46 46 201 54 0
39 39 0 #G01 803 803 46 46 201 54 0
39 40 0 #G01 803 823 46 46 201 54 0
40 1 0 #G01 823 20 46 46 201 54 0
40 2 0 #G01 823 41 46 46 201 54 0
40 3 0 #G01 823 61 46 46 201 54 0
40 4 0 #G01 823 82 46 46 201 54 0
40 5 0 #G01 823 102 46 46 201 54 0
40 6 0 #G01 823 123 46 46 201 54 0
40 7 0 #G01 823 144 46 46 201 54 0
40 8 0 #G01 823 164 46 46 201 54 0
40 9 0 #G01 823 185 46 46 201 54 0
40 10 0 #G01 823 205 46 46 201 54 0
40 11 0 #G01 823 226 46 46 201 54 0
40 12 0 #G01 823 247 46 46 201 54 0
40 13 0 #G01 823 267 46 46 201 54 0
40 14 0 #G01 823 288 46 46 201 54 0
40 15 0 #G01 823 308 46 46 201 54 0
40 16 0 #G01 823 329 46 46 201 54 0
40 17 0 #G01 823 350 46 46 201 54 0
40 18 0 #G01 823 370 46 46 201 54 0
40 19 0 #G01 823 391 46 46 201 54 0
40 20 0 #G01 823 411 46 46 201 54 0
40 21 0 #G01 823 432 46 46 201 54 0
40 22 0 #G01 823 453 46 46 201 54 0
40 23 0 #G01 823 473 46 46 201 54 0
40 24 0 #G01 823 494 46 46 201 54 0
40 25 0 #G01 823 514 46 46 201 54 0
40 26 0 #G01 823 535 46 46 201 54 0
40 27 0 #G01 823 556 46 46 201 54 0
40 28 0 #G01 823 576 46 46 201 54 0
40 29 0 #G01 823 597 46 46 201 54 0
40 30 0 #G01 823 617 46 46 201 54 0
40 31 0 #G01 823 638 46 46 201 54 0
40 32 0 #G01 823 659 46 46 201 54 0
40 33 0 #G01 823 679 46 46 201 54 0
40 34 0 #G01 823 700 46 46 201 54 0
40 35 0 #G01 823 720 46 46 201 54 0
40 36 0 #G01 823 741 46 46 201 54 0
40 37 0 #G01 823 762 46 46 201 54 0
40 38 0 #G01 823 782 46 46 201 54 0
40 39 0 #G01 823 803 46 46 201 54 0
40 40 0 #G01 823 823 46 46 201 54 0
41 1 0 #G01 844 20 46 46 201 54 0
41 2 0 #G01 844 41 46 46 201 54 0
41 3 0 #G01 844 61 46 46 201 54 0
41 4 0 #G01 844 82 46 46 201 54 0
41 5 0 #G01 844 102 46 46 201 54 0
41 6 0 #G01 844 123 46 46 201 54 0
41 7 0 #G01 844 144 46 46 201 54 0
41 8 0 #G01 844 164 46 46 201 54 0
41 9 0 #G01 844 185 46 46 201 54 0
41 10 0 #G01 844 205 46 46 201 54 0
41 11 0 #G01 844 226 46 46 201 54 0
41 12 0 #G01 844 247 46 46 201 54 0
41 13 0 #G01 844 267 46 46 201 54 0
41 14 0 #G01 844 288 46 46 201 54 0
41 15 0 #G01 844 308 46 46 201 54 0
41 16 0 #G01 844 329 46 46 201 54 0
41 17 0 #G01 844 350 46 46 201 54 0
41 18 0 #G01 844 370 46 46 201 54 0
41 19 0 #G01 844 391 46 46 201 54 0
41 20 0 #G01 844 411 46 46 201 54 0
41 21 0 #G01 844 432 46 46 201 54 0
41 22 0 #G01 844 453 46 46 201 54 0
41 23 0 #G01 844 473 46 46 201 54 0
41 24 0 #G01 844 494 46 46 201 54 0
41 25 0 #G01 844 514 46 46 201 54 0
41 26 0 #G01 844 535 46 46 201 54 0
41 27 0 #G01 844 556 46 46 201 54 0
41 28 0 #G01 844 576 46 46 201 54 0
41 29 0 #G01 844 597 46 46 201 54 0
41 30 0 #G01 844 617 46 46 201 54 0
41 31 0 #G01 844 638 46 46 201 54 0
41 32 0 #G01 844 659 46 46 201 54 0
41 33 0 #G01 844 679 46 46 201 54 0
41 34 0 #G01 844 700 46 46 201 54 0
41 35 0 #G01 844 720 46 46 201 54 0
41 36 0 #G01 844 741 46 46 201 54 0
41 37 0 #G01 844 762 46 46 201 54 0
41 38 0 #G01 844 782 46 46 201 54 0
41 39 0 #G01 844 803 46 46 201 54 0
41 40 0 #G01 844 823 46 46 201 54 0
42 1 0 #G01 865 20 46 46 201 54 0
42 2 0 #G01 865 41 46 46 201 54 0
42 3 0 #G01 865 61 46 46 201 54 0
42 4 0 #G01 865 82 46 46 201 54 0
42 5 0 #G01 865 102 46 46 201 54 0
42 6 0 #G01 865 123 46 46 201 54 0
42 7 0 #G01 865 144 46 46 201 54 0
42 8 0 #G01 865 164 46 46 201 54 0
42 9 0 #G01 865 185 46 46 201 54 0
42 10 0 #G01 865 205 46 46 201 54 0
42 11 0 #G01 865 226 46 46 201 54 0
42 12 0 #G01 865 247 46 46 201 54 0
42 13 0 #G01 865 267 46 46 201 54 0
42 14 0 #G01 865 288 46 46 201 54 0
42 15 0 #G01 865 308 46 46 201 54 0
42 16 0 #G01 865 329 46 46 201 54 0
42 17 0 #G01 865 350 46 46 201 54 0
42 18 0 #G01 865 370 46 46 201 54 0
42 19 0 #G01 865 391 46 46 201 54 0
42 20 0 #G01 865 411 46 46 201 54 0
42 21 0 #G01 865 432 46 46 201 54 0
42 22 0 #G01 865 453 46 46 201 54 0
42 23 0 #G01 865 473 46 46 201 54 0
42 24 0 #G01 865 494 46 46 201 54 0
42 25 0 #G01 865 514 46 46 201 54 0
42 26 0 #G01 865 535 46 46 201 54 0
42 27 0 #G01 865 556 46 46 201 54 0
42 28 0 #G01 865 576 46 46 201 54 0
42 29 0 #G01 865 597 46 46 201 54 0
42 30 0 #G01 865 617 46 46 201 54 0
42 31 0 #G01 865 638 46 46 201 54 0
42 32 0 #G01 865 659 46 46 201 54 0
42 33 0 #G01 865 679 46 46 201 54 0
42 34 0 #G01 865 700 46 46 201 54 0
42 35 0 #G01 865 720 46 46 201 54 0
42 36 0 #G01 865 741 46 46 201 54 0
42 37 0 #G01 865 762 46 46 201 54 0
42 38 0 #G01 865 782 46 46 201 54 0
42 39 0 #G01 865 803 46 46 201 54 0
42 40 0 #G01 865 823 46 46 201 54 0
43 1 0 #G01 885 20 46 46 201 54 0
43 2 0 #G01 885 41 46 46 201 54 0
43 3 0 #G01 885 61 46 46 201 54 0
43 4 0 #G01 885 82 46 46 201 54 0
43 5 0 #G01 885 102 46 46 201 54 0
43 6 0 #G01 885 123 46 46 201 54 0
43 7 0 #G01 885 144 46 46 201 54 0
43 8 0 #G01 885 164 46 46 201 54 0
43 9 0 #G01 885 185 46 46 201 54 0
43 10 0 #G01 885 205 46 46 201 54 0
43 11 0 #G01 885 226 46 46 201 54 0
43 12 0 #G01 885 247 46 46 201 54 0
43 13 0 #G01 885 267 46 46 201 54 0
43 14 0 #G01 885 288 46 46 201 54 0
43 15 0 #G01 885 308 46 46 201 54 0
43 16 0 #G01 885 329 46 46 201 54 0
43 17 0 #G01 885 350 46 46 201 54 0
43 18 0 #G01 885 370 46 46 201 54 0
43 19 0 #G01 885 391 46 46 201 54 0
43 20 0 #G01 885 411 46 46 201 54 0
43 21 0 #G01 885 432 46 46 201 54 0
43 22 0 #G01 885 453 46 46 201 54 0
43 23 0 #G01 885 473 46 46 201 54 0
43 24 0 #G01 885 494 46 46 201 54 0
43 25 0 #G01 885 514 46 46 201 54 0
43 26 0 #G01 885 535 46 46 201 54 0
43 27 0 #G01 885 556 46 46 201 54 0
43 28 0 #G01 885 576 46 46 201 54 0
43 29 0 #G01 885 597 46 46 201 54 0
43 30 0 #G01 885 617 46 46 201 54 0
43 31 0 #G01 885 638 46 46 201 54 0
43 32 0 #G01 885 659 46 46 201 54 0
43 33 0 #G01 885 679 46 46 201 54 0
43 34 0 #G01 885 700 46 46 201 54 0
43 35 0 #G01 885 720 46 46 201 54 0
43 36 0 #G01 885 741 46 46 201 54 0
43 37 0 #G01 885 762 46 46 201 54 0
43 38 0 #G01 885 782 46 46 201 54 0
43 39 0 #G01 885 803 46 46 201 54 0
43 40 0 #G01 885 823 46 46 201 54 0
44 1 0 #G01 906 20 46 46 201 54 0
44 2 0 #G01 906 41 46 46 201 54 0
44 3 0 #G01 906 61 46 46 201 54 0
44 4 0 #G01 906 82 46 46 201 54 0
44 5 0 #G01 906 102 46 46 201 54 0
44 6 0 #G01 906 123 46 46 201 54 0
44 7 0 #G01 906 144 46 46 201 54 0
44 8 0 #G01 906 164 46 46 201 54 0
44 9 0 #G01 906 185 46 46 201 54 0
44 10 0 #G01 906 205 46 46 201 54 0
44 11 0 #G01 906 226 46 46 201 54 0
44 12 0 #G01 906 247 46 46 201 54 0
44 13 0 #G01 906 267 46 46 201 54 0
44 14 0 #G01 906 288 46 46 201 54 0
44 15 0 #G01 906 308 46 46 201 54 0
44 16 0 #G01 906 329 46 46 201 54 0
44 17 0 #G01 906 350 46 46 201 54 0
44 18 0 #G01 906 370 46 46 201 54 0
44 19 0 #G01 906 391 46 46 201 54 0
44 20 0 #G01 906 411 46 46 201 54 0
44 21 0 #G01 906 432 46 46 201 54 0
44 22 0 #G01 906 453 46 46 201 54 0
44 23 0 #G01 906 473 46 46 201 54 0
44 24 0 #G01 906 494 46 46 201 54 0
44 25 0 #G01 906 514 46 46 201 54 0
44 26 0 #G01 906 535 46 46 201 54 0
44 27 0 #G01 906 556 46 46 201 54 0
44 28 0 #G01 906 576 46 46 201 54 0
44 29 0 #G01 906 597 46 46 201 54 0
44 30 0 #G01 906 617 46 46 201 54 0
44 31 0 #G01 906 638 46 46 201 54 0
44 32 0 #G01 906 659 46 46 201 54 0
44 33 0 #G01 906 679 46 46 201 54 0
44 34 0 #G01 906 700 46 46 201 54 0
44 35 0 #G01 906 720 46 46 201 54 0
44 36 0 #G01 906 741 46 46 201 54 0
44 37 0 #G01 906 762 46 46 201 54 0
44 38 0 #G01 906 782 46 46 201 54 0
44 39 0 #G01 906 803 46 46 201 54 0
44 40 0 #G01 906 823 46 46 201 54 0
45 1 0 #G01 926 20 46 46 201 54 0
45 2 0 #G01 926 41 46 46 201 54 0
45 3 0 #G01 926 61 46 46 201 54 0
45 4 0 #G01 926 82 46 46 201 54 0
45 5 0 #G01 926 102 46 46 201 54 0
45 6 0 #G01 926 123 46 46 201 54 0
45 7 0 #G01 926 144 46 46 201 54 0
45 8 0 #G01 926 164 46 46 201 54 0
45 9 0 #G01 926 185 46 46 201 54 0
45 10 0 #G01 926 205 46 46 201 54 0
45 11 0 #G01 926 226 46 46 201 54 0
45 12 0 #G01 926 247 46 46 201 54 0
45 13 0 #G01 926 267 46 46 201 54 0
45 14 0 #G01 926 288 46 46 201 54 0
45 15 0 #G01 926 308 46 46 201 54 0
45 16 0 #G01 926 329 46 46 201 54 0
45 17 0 #G01 926 350 46 46 201 54 0
45 18 0 #G01 926 370 46 46 201 54 0
45 19 0 #G01 926 391 46 46 201 54 0
45 20 0 #G01 926 411 46 46 201 54 0
45 21 0 #G01 926 432 46 46 201 54 0
45 22 0 #G01 926 453 46 46 201 54 0
45 23 0 #G01 926 473 46 46 201 54 0
45 24 0 #G01 926 494 46 46 201 54 0
45 25 0 #G01 926 514 46 46 201 54 0
45 26 0 #G01 926 535 46 46 201 54 0
45 27 0 #G01 926 556 46 46 201 54 0
45 28 0 #G01 926 576 46 46 201 54 0
45 29 0 #G01 926 597 46 46 201 54 0
45 30 0 #G01 926 617 46 46 201 54 0
45 31 0 #G01 926 638 46 46 201 54 0
45 32 0 #G01 926 659 46 46 201 54 0
45 33 0 #G01 926 679 46 46 201 54 0
45 34 0 #G01 926 700 46 46 201 54 0
45 35 0 #G01 926 720 46 46 201 54 0
45 36 0 #G01 926 741 46 46 201 54 0
45 37 0 #G01 926 762 46 46 201 54 0
45 38 0 #G01 926 782 46 46 201 54 0
45 39 0 #G01 926 803 46 46 201 54 0
45 40 0 #G01 926 823 46 46 201 54 0
46 1 0 #G01 947 20 46 46 201 54 0
46 2 0 #G01 947 41 46 46 201 54 0
46 3 0 #G01 947 61 46 46 201 54 0
46 4 0 #G01 947 82 46 46 201 54 0
46 5 0 #G01 947 102 46 46 201 54 0
46 6 0 #G01 947 123 46 46 201 54 0
46 7 0 #G01 947 144 46 46 201 54 0
46 8 0 #G01 947 164 46 46 201 54 0
46 9 0 #G01 947 185 46 46 201 54 0
46 10 0 #G01 947 205 46 46 201 54 0
46 11 0 #G01 947 226 46 46 201 54 0
46 12 0 #G01 947 247 46 46 201 54 0
46 13 0 #G01 947 267 46 46 201 54 0
46 14 0 #G01 947 288 46 46 201 54 0
46 15 0 #G01 947 308 46 46 201 54 0
46 16 0 #G01 947 329 46 46 201 54 0
46 17 0 #G01 947 350 46 46 201 54 0
46 18 0 #G01 947 370 46 46 201 54 0
46 19 0 #G01 947 391 46 46 201 54 0
46 20 0 #G01 947 411 46 46 201 54 0
46 21 0 #G01 947 432 46 46 201 54 0
46 22 0 #G01 947 453 46 46 201 54 0
46 23 0 #G01 947 473 46 46 201 54 0
46 24 0 #G01 947 494 46 46 201 54 0
46 25 0 #G01 947 514 46 46 201 54 0
46 26 0 #G01 947 535 46 46 201 54 0
46 27 0 #G01 947 556 46 46 201 54 0
46 28 0 #G01 947 576 46 46 201 54 0
46 29 0 #G01 947 597 46 46 201 54 0
46 30 0 #G01 947 617 46 46 201 54 0
46 31 0 #G01 947 638 46 46 201 54 0
46 32 0 #G01 947 659 46 46 201 54 0
46 33 0 #G01 947 679 46 46 201 54 0
46 34 0 #G01 947 700 46 46 201 54 0
46 35 0 #G01 947 720 46 46 201 54 0
46 36 0 #G01 947 741 46 46 201 54 0
46 37 0 #G01 947 762 46 46 201 54 0
46 38 0 #G01 947 782 46 46 201 54 0
46 39 0 #G01 947 803 46 46 201 54 0
46 40 0 #G01 947 823 46 46 201 54 0
47 1 0 #G01 968 20 46 46 201 54 0
47 2 0 #G01 968 41 46 46 201 54 0
47 3 0 #G01 968 61 46 46 201 54 0
47 4 0 #G01 968 82 46 46 201 54 0
47 5 0 #G01 968 102 46 46 201 54 0
47 6 0 #G01 968 123 46 46 201 54 0
47 7 0 #G01 968 144 46 46 201 54 0
47 8 0 #G01 968 164 46 46 201 54 0
47 9 0 #G01 968 185 46 46 201 54 0
47 10 0 #G01 968 205 46 46 201 54 0
47 11 0 #G01 968 226 46 46 201 54 0
47 12 0 #G01 968 247 46 46 201 54 0
47 13 0 #G01 968 267 46 46 201 54 0
47 14 0 #G01 968 288 46 46 201 54 0
47 15 0 #G01 968 308 46 46 201 54 0
47 16 0 #G01 968 329 46 46 201 54 0
47 17 0 #G01 968 350 46 46 201 54 0
47 18 0 #G01 968 370 46 46 201 54 0
47 19 0 #G01 968 391 46 46 201 54 0
47 20 0 #G01 968 411 46 46 201 54 0
47 21 0 #G01 968 432 46 46 201 54 0
47 22 0 #G01 968 453 46 46 201 54 0
47 23 0 #G01 968 473 46 46 201 54 0
47 24 0 #G01 968 494 46 46 201 54 0
47 25 0 #G01 968 514 46 46 201 54 0
47 26 0 #G01 968 535 46 46 201 54 0
47 27 0 #G01 968 556 46 46 201 54 0
47 28 0 #G01 968 576 46 46 201 54 0
47 29 0 #G01 968 597 46 46 201 54 0
47 30 0 #G01 968 617 46 46 201 54 0
47 31 0 #G01 968 638 46 46 201 54 0
47 32 0 #G01 968 659 46 46 201 54 0
47 33 0 #G01 968 679 46 46 201 54 0
47 34 0 #G01 968 700 46 46 201 54 0
47 35 0 #G01 968 720 46 46 201 54 0
47 36 0 #G01 968 741 46 46 201 54 0
47 37 0 #G01 968 762 46 46 201 54 0
47 38 0 #G01 968 782 46 46 201 54 0
47 39 0 #G01 968 803 46 46 201 54 0
47 40 0 #G01 968 823 46 46 201 54 0
48 1 0 #G01 988 20 46 46 201 54 0
48 2 0 #G01 988 41 46 46 201 54 0
48 3 0 #G01 988 61 46 46 201 54 0
48 4 0 #G01 988 82 46 46 201 54 0
48 5 0 #G01 988 102 46 46 201 54 0
48 6 0 #G01 988 123 46 46 201 54 0
48 7 0 #G01 988 144 46 46 201 54 0
48 8 0 #G01 988 164 46 46 201 54 0
48 9 0 #G01 988 185 46 46 201 54 0
48 10 0 #G01 988 205 46 46 201 54 0
48 11 0 #G01 988 226 46 46 201 54 0
48 12 0 #G01 988 247 46 46 201 54 0
48 13 0 #G01 988 267 46 46 201 54 0
48 14 0 #G01 988 288 46 46 201 54 0
48 15 0 #G01 988 308 46 46 201 54 0
48 16 0 #G01 988 329 46 46 201 54 0
48 17 0 #G01 988 350 46 46 201 54 0
48 18 0 #G01 988 370 46 46 201 54 0
48 19 0 #G01 988 391 46 46 201 54 0
48 20 0 #G01 988 411 46 46 201 54 0
48 21 0 #G01 988 432 46 46 201 54 0
48 22 0 #G01 988 453 46 46 201 54 0
48 23 0 #G01 988 473 46 46 201 54 0
48 24 0 #G01 988 494 46 46 201 54 0
48 25 0 #G01 988 514 46 46 201 54 0
48 26 0 #G01 988 535 46 46 201 54 0
48 27 0 #G01 988 556 46 46 201 54 0
48 28 0 #G01 988 576 46 46 201 54 0
48 29 0 #G01 988 597 46 46 201 54 0
48 30 0 #G01 988 617 46 46 201 54 0
48 31 0 #G01 988 638 46 46 201 54 0
48 32 0 #G01 988 659 46 46 201 54 0
48 33 0 #G01 988 679 46 46 201 54 0
48 34 0 #G01 988 700 46 46 201 54 0
48 35 0 #G01 988 720 46 46 201 54 0
48 36 0 #G01 988 741 46 46 201 54 0
48 37 0 #G01 988 762 46 46 201 54 0
48 38 0 #G01 988 782 46 46 201 54 0
48 39 0 #G01 988 803 46 46 201 54 0
48 40 0 #G01 988 823 46 46 201 54 0
49 1 0 #G01 1009 20 46 46 201 54 0
49 2 0 #G01 1009 41 46 46 201 54 0
49 3 0 #G01 1009 61 46 46 201 54 0
49 4 0 #G01 1009 82 46 46 201 54 0
49 5 0 #G01 1009 102 46 46 201 54 0
49 6 0 #G01 1009 123 46 46 201 54 0
49 7 0 #G01 1009 144 46 46 201 54 0
49 8 0 #G01 1009 164 46 46 201 54 0
49 9 0 #G01 1009 185 46 46 201 54 0
49 10 0 #G01 1009 205 46 46 201 54 0
49 11 0 #G01 1009 226 46 46 201 54 0
49 12 0 #G01 1009 247 46 46 201 54 0
49 13 0 #G01 1009 267 46 46 201 54 0
49 14 0 #G01 1009 288 46 46 201 54 0
49 15 0 #G01 1009 308 46 46 201 54 0
49 16 0 #G01 1009 329 46 46 201 54 0
49 17 0 #G01 1009 350 46 46 201 54 0
49 18 0 #G01 1009 370 46 46 201 54 0
49 19 0 #G01 1009 391 46 46 201 54 0
49 20 0 #G01 1009 411 46 46 201 54 0
49 21 0 #G01 1009 432 46 46 201 54 0
49 22 0 #G01 1009 453 46 46 201 54 0
49 23 0 #G01 1009 473 46 46 201 54 0
49 24 0 #G01 1009 494 46 46 201 54 0
49 25 0 #G01 1009 514 46 46 201 54 0
49 26 0 #G01 1009 535 46 46 201 54 0
49 27 0 #G01 1009 556 46 46 201 54 0
49 28 0 #G01 1009 576 46 46 201 54 0
49 29 0 #G01 1009 597 46 46 201 54 0
49 30 0 #G01 1009 617 46 46 201 54 0
49 31 0 #G01 1009 638 46 46 201 54 0
49 32 0 #G01 1009 659 46 46 201 54 0
49 33 0 #G01 1009 679 46 46 201 54 0
49 34 0 #G01 1009 700 46 46 201 54 0
49 35 0 #G01 1009 720 46 46 201 54 0
49 36 0 #G01 1009 741 46 46 201 54 0
49 37 0 #G01 1009 762 46 46 201 54 0
49 38 0 #G01 1009 782 46 46 201 54 0
49 39 0 #G01 1009 803 46 46 201 54 0
49 40 0 #G01 1009 823 46 46 201 54 0
50 1 0 #G01 1029 20 46 46 201 54 0
50 2 0 #G01 1029 41 46 46 201 54 0
50 3 0 #G01 1029 61 46 46 201 54 0
50 4 0 #G01 1029 82 46 46 201 54 0
50 5 0 #G01 1029 102 46 46 201 54 0
50 6 0 #G01 1029 123 46 46 201 54 0
50 7 0 #G01 1029 144 46 46 201 54 0
50 8 0 #G01 1029 164 46 46 201 54 0
50 9 0 #G01 1029 185 46 46 201 54 0
50 10 0 #G01 1029 205 46 46 201 54 0
50 11 0 #G01 1029 226 46 46 201 54 0
50 12 0 #G01 1029 247 46 46 201 54 0
50 13 0 #G01 1029 267 46 46 201 54 0
50 14 0 #G01 1029 288 46 46 201 54 0
50 15 0 #G01 1029 308 46 46 201 54 0
50 16 0 #G01 1029 329 46 46 201 54 0
50 17 0 #G01 1029 350 46 46 201 54 0
50 18 0 #G01 1029 370 46 46 201 54 0
50 19 0 #G01 1029 391 46 46 201 54 0
50 20 0 #G01 1029 411 46 46 201 54 0
50 21 0 #G01 1029 432 46 46 201 54 0
50 22 0 #G01 1029 453 46 46 201 54 0
50 23 0 #G01 1029 473 46 46 201 54 0
50 24 0 #G01 1029 494 46 46 201 54 0
50 25 0 #G01 1029 514 46 46 201 54 0
50 26 0 #G01 1029 535 46 46 201 54 0
50 27 0 #G01 1029 556 46 46 201 54 0
50 28 0 #G01 1029 576 46 46 201 54 0
50 29 0 #G01 1029 597 46 46 201 54 0
50 30 0 #G01 1029 617 46 46 201 54 0
50 31 0 #G01 1029 638 46 46 201 54 0
50 32 0 #G01 1029 659 46 46 201 54 0
50 33 0 #G01 1029 679 46 46 201 54 0
50 34 0 #G01 1029 700 46 46 201 54 0
50 35 0 #G01 1029 720 46 46 201 54 0
50 36 0 #G01 1029 741 46 46 201 54 0
50 37 0 #G01 1029 762 46 46 201 54 0
50 38 0 #G01 1029 782 46 46 201 54 0
50 39 0 #G01 1029 803 46 46 201 54 0
50 40 0 #G01 1029 823 46 46 201 54 0
51 1 0 #G01 1050 20 46 46 201 54 0
51 2 0 #G01 1050 41 46 46 201 54 0
51 3 0 #G01 1050 61 46 46 201 54 0
51 4 0 #G01 1050 82 46 46 201 54 0
51 5 0 #G01 1050 102 46 46 201 54 0
51 6 0 #G01 1050 123 46 46 201 54 0
51 7 0 #G01 1050 144 46 46 201 54 0
51 8 0 #G01 1050 164 46 46 201 54 0
51 9 0 #G01 1050 185 46 46 201 54 0
51 10 0 #G01 1050 205 46 46 201 54 0
51 11 0 #G01 1050 226 46 46 201 54 0
51 12 0 #G01 1050 247 46 46 201 54 0
51 13 0 #G01 1050 267 46 46 201 54 0
51 14 0 #G01 1050 288 46 46 201 54 0
51 15 0 #G01 1050 308 46 46 201 54 0
51 16 0 #G01 1050 329 46 46 201 54 0
51 17 0 #G01 1050 350 46 46 201 54 0
51 18 0 #G01 1050 370 46 46 201 54 0
51 19 0 #G01 1050 391 46 46 201 54 0
51 20 0 #G01 1050 411 46 46 201 54 0
51 21 0 #G01 1050 432 46 46 201 54 0
51 22 0 #G01 1050 453 46 46 201 54 0
51 23 0 #G01 1050 473 46 46 201 54 0
51 24 0 #G01 1050 494 46 46 201 54 0
51 25 0 #G01 1050 514 46 46 201 54 0
51 26 0 #G01 1050 535 46 46 201 54 0
51 27 0 #G01 1050 556 46 46 201 54 0
51 28 0 #G01 1050 576 46 46 201 54 0
51 29 0 #G01 1050 597 46 46 201 54 0
51 30 0 #G01 1050 617 46 46 201 54 0
51 31 0 #G01 1050 638 46 46 201 54 0
51 32 0 #G01 1050 659 46 46 201 54 0
51 33 0 #G01 1050 679 46 46 201 54 0
51 34 0 #G01 1050 700 46 46 201 54 0
51 35 0 #G01 1050 720 46 46 201 54 0
51 36 0 #G01 1050 741 46 46 201 54 0
51 37 0 #G01 1050 762 46 46 201 54 0
51 38 0 #G01 1050 782 46 46 201 54 0
51 39 0 #G01 1050 803 46 46 201 54 0
51 40 0 #G01 1050 823 46 46 201 54 0
52 1 0 #G01 1071 20 46 46 201 54 0
52 2 0 #G01 1071 41 46 46 201 54 0
52 3 0 #G01 1071 61 46 46 201 54 0
52 4 0 #G01 1071 82 46 46 201 54 0
52 5 0 #G01 1071 102 46 46 201 54 0
52 6 0 #G01 1071 123 46 46 201 54 0
52 7 0 #G01 1071 144 46 46 201 54 0
52 8 0 #G01 1071 164 46 46 201 54 0
52 9 0 #G01 1071 185 46 46 201 54 0
52 10 0 #G01 1071 205 46 46 201 54 0
52 11 0 #G01 1071 226 46 46 201 54 0
52 12 0 #G01 1071 247 46 46 201 54 0
52 13 0 #G01 1071 267 46 46 201 54 0
52 14 0 #G01 1071 288 46 46 201 54 0
52 15 0 #G01 1071 308 46 46 201 54 0
52 16 0 #G01 1071 329 46 46 201 54 0
52 17 0 #G01 1071 350 46 46 201 54 0
52 18 0 #G01 1071 370 46 46 201 54 0
52 19 0 #G01 1071 391 46 46 201 54 0
52 20 0 #G01 1071 411 46 46 201 54 0
52 21 0 #G01 1071 432 46 46 201 54 0
52 22 0 #G01 1071 453 46 46 201 54 0
52 23 0 #G01 1071 473 46 46 201 54 0
52 24 0 #G01 1071 494 46 46 201 54 0
52 25 0 #G01 1071 514 46 46 201 54 0
52 26 0 #G01 1071 535 46 46 201 54 0
52 27 0 #G01 1071 556 46 46 201 54 0
52 28 0 #G01 1071 576 46 46 201 54 0
52 29 0 #G01 1071 597 46 46 201 54 0
52 30 0 #G01 1071 617 46 46 201 54 0
52 31 0 #G01 1071 638 46 46 201 54 0
52 32 0 #G01 1071 659 46 46 201 54 0
52 33 0 #G01 1071 679 46 46 201 54 0
52 34 0 #G01 1071 700 46 46 201 54 0
52 35 0 #G01 1071 720 46 46 201 54 0
52 36 0 #G01 1071 741 46 46 201 54 0
52 37 0 #G01 1071 762 46 46 201 54 0
52 38 0 #G01 1071 782 46 46 201 54 0
52 39 0 #G01 1071 803 46 46 201 54 0
52 40 0 #G01 1071 823 46 46 201 54 0
53 1 0 #G01 1091 20 46 46 201 54 0
53 2 0 #G01 1091 41 46 46 201 54 0
53 3 0 #G01 1091 61 46 46 201 54 0
53 4 0 #G01 1091 82 46 46 201 54 0
53 5 0 #G01 1091 102 46 46 201 54 0
53 6 0 #G01 1091 123 46 46 201 54 0
53 7 0 #G01 1091 144 46 46 201 54 0
53 8 0 #G01 1091 164 46 46 201 54 0
53 9 0 #G01 1091 185 46 46 201 54 0
53 10 0 #G01 1091 205 46 46 201 54 0
53 11 0 #G01 1091 226 46 46 201 54 0
53 12 0 #G01 1091 247 46 46 201 54 0
53 13 0 #G01 1091 267 46 46 201 54 0
53 14 0 #G01 1091 288 46 46 201 54 0
53 15 0 #G01 1091 308 46 46 201 54 0
53 16 0 #G01 1091 329 46 46 201 54 0
53 17 0 #G01 1091 350 46 46 201 54 0
53 18 0 #G01 1091 370 46 46 201 54 0
53 19 0 #G01 1091 391 46 46 201 54 0
53 20 0 #G01 1091 411 46 46 201 54 0
53 21 0 #G01 1091 432 46 46 201 54 0
53 22 0 #G01 1091 453 46 46 201 54 0
53 23 0 #G01 1091 473 46 46 201 54 0
53 24 0 #G01 1091 494 46 46 201 54 0
53 25 0 #G01 1091 514 46 46 201 54 0
53 26 0 #G01 1091 535 46 46 201 54 0
53 27 0 #G01 1091 556 46 46 201 54 0
53 28 0 #G01 1091 576 46 46 201 54 0
53 29 0 #G01 1091 597 46 46 201 54 0
53 30 0 #G01 1091 617 46 46 201 54 0
53 31 0 #G01 1091 638 46 46 201 54 0
53 32 0 #G01 1091 659 46 46 201 54 0
53 33 0 #G01 1091 679 46 46 201 54 0
53 34 0 #G01 1091 700 46 46 201 54 0
53 35 0 #G01 1091 720 46 46 201 54 0
53 36 0 #G01 1091 741 46 46 201 54 0
53 37 0 #G01 1091 762 46 46 201 54 0
53 38 0 #G01 1091 782 46 46 201 54 0
53 39 0 #G01 1091 803 46 46 201 54 0
53 40 0 #G01 1091 823 46 46 201 54 0
54 1 0 #G01 1112 20 46 46 201 54 0
54 2 0 #G01 1112 41 46 46 201 54 0
54 3 0 #G01 1112 61 46 46 201 54 0
54 4 0 #G01 1112 82 46 46 201 54 0
54 5 0 #G01 1112 102 46 46 201 54 0
54 6 0 #G01 1112 123 46 46 201 54 0
54 7 0 #G01 1112 144 46 46 201 54 0
54 8 0 #G01 1112 164 46 46 201 54 0
54 9 0 #G01 1112 185 46 46 201 54 0
54 10 0 #G01 1112 205 46 46 201 54 0
54 11 0 #G01 1112 226 46 46 201 54 0
54 12 0 #G01 1112 247 46 46 201 54 0
54 13 0 #G01 1112 267 46 46 201 54 0
54 14 0 #G01 1112 288 46 46 201 54 0
54 15 0 #G01 1112 308 46 46 201 54 0
54 16 0 #G01 1112 329 46 46 201 54 0
54 17 0 #G01 1112 350 46 46 201 54 0
54 18 0 #G01 1112 370 46 46 201 54 0
54 19 0 #G01 1112 391 46 46 201 54 0
54 19 1 #G01 1112 391 46 46 201 54 0
54 20 0 #G01 1112 411 46 46 201 54 0
54 21 0 #G01 1112 432 46 46 201 54 0
54 22 0 #G01 1112 453 46 46 201 54 0
54 23 0 #G01 1112 473 46 46 201 54 0
54 24 0 #G01 1112 494 46 46 201 54 0
54 25 0 #G01 1112 514 46 46 201 54 0
54 26 0 #G01 1112 535 46 46 201 54 0
54 27 0 #G01 1112 556 46 46 201 54 0
54 28 0 #G01 1112 576 46 46 201 54 0
54 29 0 #G01 1112 597 46 46 201 54 0
54 30 0 #G01 1112 617 46 46 201 54 0
54 31 0 #G01 1112 638 46 46 201 54 0
54 32 0 #G01 1112 659 46 46 201 54 0
54 33 0 #G01 1112 679 46 46 201 54 0
54 34 0 #G01 1112 700 46 46 201 54 0
54 35 0 #G01 1112 720 46 46 201 54 0
54 36 0 #G01 1112 741 46 46 201 54 0
54 37 0 #G01 1112 762 46 46 201 54 0
54 38 0 #G01 1112 782 46 46 201 54 0
54 39 0 #G01 1112 803 46 46 201 54 0
54 40 0 #G01 1112 823 46 46 201 54 0
55 19 0 #G01 1132 391 46 46 201 54 0
55 20 0 #G01 1132 411 46 46 201 54 0
55 21 0 #G01 1132 432 46 46 201 54 0
55 22 0 #G01 1132 453 46 46 201 54 0
55 23 0 #G01 1132 473 46 46 201 54 0
55 24 0 #G01 1132 494 46 46 201 54 0
55 25 0 #G01 1132 514 46 46 201 54 0
55 26 0 #G01 1132 535 46 46 201 54 0
55 27 0 #G01 1132 556 46 46 201 54 0
55 28 0 #G01 1132 576 46 46 201 54 0
55 29 0 #G01 1132 597 46 46 201 54 0
55 30 0 #G01 1132 617 46 46 201 54 0
55 31 0 #G01 1132 638 46 46 201 54 0
55 32 0 #G01 1132 659 46 46 201 54 0
55 33 0 #G01 1132 679 46 46 201 54 0
55 34 0 #G01 1132 700 46 46 201 54 0
55 35 0 #G01 1132 720 46 46 201 54 0
55 36 0 #G01 1132 741 46 46 201 54 0
55 37 0 #G01 1132 762 46 46 201 54 0
55 38 0 #G01 1132 782 46 46 201 54 0
55 39 0 #G01 1132 803 46 46 201 54 0
55 40 0 #G01 1132 823 46 46 201 54 0
